N_MRK	MEAN_UNIHS	SD_UNIHS	LOWER_QT	UPPER_QT
22016	-1.8086070734278	0.745072937331777	-3.36703581172831	-0.397305954605509
10611	-1.21268609786411	0.700493907659205	-2.6181054570083	0.122956323876441
7294	-0.780972782981119	0.715908648830279	-2.16717390604904	0.644360059581638
5455	-0.427839955848134	0.708938315014744	-1.80094534713159	0.986634001945274
4190	-0.040520115239212	0.724635002826123	-1.46034244284045	1.33460311450331
3559	0.359516787647317	0.719169394703411	-1.09423300050885	1.72315323759515
3234	0.678130339812246	0.679881981003997	-0.626667201021349	1.97895433421818
2979	1.09126294008268	0.659110604220467	-0.183617487801211	2.40365059771938
2863	1.66691740403997	0.75461389901343	0.221110849580924	3.24386136660008
