11	4953773	-4.21268865634466	4.5979987728363
11	5320654	-3.96059266377066	4.12630762673341
11	5554028	3.95107417385397	4.1090136778915
11	5626855	-4.27038815653356	4.70966914926475
11	48162494	-3.97473373634347	4.15206946188948
11	48200771	-3.9984895580781	4.19553348479984
11	55340210	-3.92353388856647	4.05918735722302
11	55944198	-4.00411048802159	4.2058518041105
11	55945569	-4.24028784711046	4.65124095174302
11	55970123	-3.98108346117445	4.16366414446734
11	56104400	-3.97673309157381	4.15571851149838
11	56164640	-4.2041876406986	4.58166306074791
11	56216495	-4.09755984873136	4.37931414837967
11	56420484	-4.42242565664272	5.01055491305851
11	56452440	-4.1548034610639	4.48735926638252
11	56652607	-4.28755525325092	4.74316123846353
11	56655786	-4.91193598282782	6.04488254828525
11	56658043	-4.60097752373452	5.37622077306284
11	56660661	-5.1089389338059	6.48949113952011
11	56661880	-3.92519424242332	4.06218241177032
11	56665732	-5.44739196029735	7.29146231392149
11	57003581	-3.94317895636573	4.09469745435252
11	73714650	-3.95353971039698	4.1134896638635
11	90526038	-3.90097761286451	4.01861177345643
11	90526307	-3.90753331203763	4.03038288160962
11	118428668	4.26706871521375	4.70320724161556
