11	4953773	-4.19616774202304	4.56627939994814
11	5320654	-3.9326132031525	4.07557914162185
11	5626855	-4.0261748006107	4.24648165455887
11	48200771	-4.05411821475499	4.29822687667312
11	55091268	-3.98586684535084	4.1724096882216
11	55944198	-4.13442999622829	4.44874926967938
11	56104400	-4.0584532186928	4.30628336753528
11	56113516	4.09946481587755	4.38288783129589
11	56420484	-4.47267405869504	5.11211569903888
11	56452440	-3.99975803471318	4.19786087951289
11	56652607	-4.45292364128856	5.07207103140963
11	56655786	-4.82576148327953	5.85552124279549
11	56658043	-4.45300519088498	5.07223604150547
11	56660661	-4.95310738126176	6.13645325275307
11	56665732	-4.88310367856447	5.98117918808084
11	73714650	-4.01984837375502	4.23481137535106
11	110707133	-3.94145761944593	4.091579615301
11	118428668	4.16014154857028	4.49750402900318
