11	55091268	-4.10133760170291	4.38640260990545
11	55944198	-3.95013332934643	4.10730631217677
11	56113516	3.99397435995305	4.18725442715652
11	56420484	-4.18473617160202	4.54439770793123
11	56652607	-4.3418559891489	4.84990661424128
11	56655786	-4.62039638566087	5.41679262431125
11	56658043	-4.411437447128	4.98848613551944
11	56660661	-4.65999768521869	5.50002036213129
11	56665732	-4.59547116927163	5.36474502850643
11	56904679	-4.03368057921112	4.26034897188666
11	73714650	-4.14292016070583	4.46481814187413
11	110707133	-4.22375653162381	4.61931201641966
11	118428668	3.9367209611614	4.08300648227964
