#	Name	Position	ObsHET	PredHET	HWpval	%Geno	FamTrio	MendErr	MAF	Alleles	Rating	
1	rs12796582	4500031	0.432	0.419	0.7666	100.0	0	0	0.299	A:G	
2	rs7110328	4500876	0.485	0.444	0.1888	100.0	0	0	0.333	A:G	
3	rs75107536	4502474	0.303	0.288	0.5491	100.0	0	0	0.174	A:G	
4	rs16933817	4502621	0.068	0.066	1.0	100.0	0	0	0.034	A:G	
5	rs73425784	4503293	0.212	0.219	0.7691	100.0	0	0	0.125	A:G	
6	rs78071367	4504376	0.045	0.044	1.0	100.0	0	0	0.023	G:A	
7	rs331506	4504875	0.246	0.233	0.5385	100.0	0	0	0.134	G:A	
8	rs7117199	4505031	0.318	0.298	0.3746	100.0	0	0	0.182	T:C	
9	rs331508	4508405	0.492	0.49	1.0	100.0	0	0	0.428	G:A	
10	rs16934670	4509146	0.152	0.153	1.0	100.0	0	0	0.083	A:G	
11	rs96489	4510285	0.481	0.491	0.8086	100.0	0	0	0.434	G:A	
12	rs116034104	4511255	0.027	0.026	1.0	100.0	0	0	0.013	A:G	
13	rs167947	4513664	0.466	0.496	0.3798	100.0	0	0	0.453	G:A	
14	rs230548	4513757	0.458	0.498	0.2246	100.0	0	0	0.472	G:T	
15	rs1281056	4515062	0.447	0.5	0.1026	100.0	0	0	0.496	C:T	
16	rs10160717	4516365	0.364	0.347	0.5787	100.0	0	0	0.223	G:T	
17	rs10160399	4516576	0.439	0.4	0.154	100.0	0	0	0.277	C:T	
18	rs73427713	4516892	0.212	0.213	1.0	100.0	0	0	0.121	G:A	
19	rs74921485	4517731	0.08	0.076	1.0	100.0	0	0	0.04	A:G	
20	rs114807341	4517943	0.064	0.062	1.0	100.0	0	0	0.032	T:C	
21	rs73427721	4519773	0.394	0.359	0.1675	100.0	0	0	0.235	A:G	
22	rs2412382	4524438	0.523	0.496	0.4681	100.0	0	0	0.455	T:C	
23	rs116603857	4524898	0.023	0.022	1.0	100.0	0	0	0.011	T:C	
24	rs2709193	4527196	0.201	0.199	1.0	100.0	0	0	0.112	C:T	
25	rs77555575	4529955	0.163	0.156	0.8364	100.0	0	0	0.085	A:G	
26	rs2566241	4532399	0.47	0.463	0.9404	100.0	0	0	0.364	C:T	
27	rs2566238	4533118	0.201	0.199	1.0	100.0	0	0	0.112	G:A	
28	rs115661413	4534253	0.057	0.055	1.0	100.0	0	0	0.028	T:C	
29	rs2566230	4535231	0.519	0.49	0.4253	100.0	0	0	0.43	C:T	
30	rs17218998	4535533	0.061	0.073	0.09	100.0	0	0	0.038	A:G	
31	rs2566227	4535771	0.314	0.314	1.0	100.0	0	0	0.195	C:T	
32	rs2709159	4538034	0.295	0.288	0.8732	100.0	0	0	0.174	T:C	
33	rs79161488	4539028	0.098	0.107	0.3916	100.0	0	0	0.057	C:A	
34	rs2566208	4539336	0.22	0.213	0.8951	100.0	0	0	0.121	G:T	
35	rs2566207	4539809	0.443	0.443	1.0	100.0	0	0	0.331	G:A	
36	rs61077280	4540134	0.356	0.397	0.1258	100.0	0	0	0.273	G:A	
37	rs1238439358	4540863	0.439	0.444	0.9345	100.0	0	0	0.333	C:T	
38	rs7126148	4541152	0.269	0.29	0.3102	100.0	0	0	0.176	A:C	
39	rs1179290532	4542119	0.284	0.29	0.8478	100.0	0	0	0.176	T:G	
40	rs7131138	4542813	0.197	0.213	0.3269	100.0	0	0	0.121	A:G	
41	rs2709135	4545673	0.496	0.498	1.0	100.0	0	0	0.468	A:C	
42	rs2657158	4546132	0.269	0.26	0.7859	100.0	0	0	0.153	A:G	
43	rs2709136	4546868	0.485	0.474	0.839	100.0	0	0	0.386	T:C	
44	rs79581627	4547742	0.201	0.199	1.0	100.0	0	0	0.112	T:C	
45	rs11823077	4548949	0.348	0.393	0.0876	100.0	0	0	0.269	A:G	
46	rs1605026	4549899	0.424	0.375	0.0463	100.0	0	0	0.25	G:A	
47	rs12282850	4550729	0.348	0.386	0.1481	100.0	0	0	0.261	A:C	
48	rs73428085	4552038	0.322	0.361	0.1062	100.0	0	0	0.237	G:T	
49	rs2641426	4552102	0.53	0.5	0.4057	100.0	0	0	0.5	A:A	
50	rs11032704	4559582	0.375	0.345	0.223	100.0	0	0	0.222	C:A	
51	rs11826895	4560029	0.314	0.332	0.4702	100.0	0	0	0.21	A:G	
52	rs977367033	4560369	0.432	0.452	0.5384	100.0	0	0	0.345	G:T	
53	rs2657177	4561558	0.527	0.496	0.4019	100.0	0	0	0.456	A:C	
54	rs2566273	4562348	0.523	0.492	0.3845	100.0	0	0	0.436	G:A	
55	rs77454904	4563114	0.068	0.066	1.0	100.0	0	0	0.034	A:G	
56	rs12416860	4563218	0.367	0.365	1.0	100.0	0	0	0.241	A:G	
57	rs12280424	4565527	0.303	0.288	0.5491	100.0	0	0	0.174	G:A	
58	rs6578499	4565814	0.269	0.26	0.7859	100.0	0	0	0.153	G:A	
59	rs2657168	4566377	0.42	0.438	0.5863	100.0	0	0	0.324	C:T	
60	rs2709182	4566711	0.542	0.498	0.2083	100.0	0	0	0.472	T:C	
61	rs61747538	4566939	0.114	0.114	1.0	100.0	0	0	0.061	A:G	
62	rs61735146	4567086	0.273	0.262	0.7314	100.0	0	0	0.155	G:A	
63	rs61734237	4567152	0.034	0.034	1.0	100.0	0	0	0.017	C:T	
64	rs12289941	4568861	0.223	0.21	0.4976	100.0	0	0	0.119	C:A	
65	rs4910628	4571782	0.545	0.5	0.1822	100.0	0	0	0.489	T:G	
66	rs7103733	4572631	0.394	0.397	1.0	100.0	0	0	0.273	T:C	
67	rs2657147	4573236	0.5	0.495	0.9971	100.0	0	0	0.451	A:G	
68	rs114165672	4575019	0.038	0.037	1.0	100.0	0	0	0.019	T:G	
69	rs2641405	4576079	0.106	0.1	0.9394	100.0	0	0	0.053	G:A	
70	rs73430201	4576150	0.318	0.321	0.9996	100.0	0	0	0.201	A:G	
71	rs2657187	4576170	0.473	0.496	0.5289	100.0	0	0	0.453	A:G	
72	rs1394720	4576666	0.47	0.5	0.3793	100.0	0	0	0.485	C:A	
73	rs1394718	4577708	0.485	0.498	0.7324	100.0	0	0	0.47	T:C	
74	rs80285776	4578057	0.015	0.015	1.0	100.0	0	0	0.008	A:G	
75	rs2709175	4578238	0.481	0.499	0.6198	100.0	0	0	0.479	A:G	
76	rs7110598	4578530	0.303	0.321	0.4493	100.0	0	0	0.201	C:T	
77	rs1505216	4578709	0.239	0.254	0.4132	100.0	0	0	0.15	G:A	
78	rs59255099	4579085	0.261	0.249	0.6248	100.0	0	0	0.146	A:G	
79	rs12280674	4579331	0.03	0.044	0.0104	100.0	0	0	0.023	A:G	
80	rs1505214	4579520	0.034	0.034	1.0	100.0	0	0	0.017	C:A	
81	rs60962324	4579550	0.098	0.1	1.0	100.0	0	0	0.053	T:C	
82	rs73432218	4579860	0.098	0.1	1.0	100.0	0	0	0.053	C:A	
83	rs73432220	4579904	0.098	0.1	1.0	100.0	0	0	0.053	A:G	
84	rs978104946	4587043	0.443	0.487	0.1741	100.0	0	0	0.419	T:C	
85	rs10836284	4587220	0.447	0.489	0.1978	100.0	0	0	0.424	T:C	
86	rs11032827	4587253	0.318	0.316	1.0	100.0	0	0	0.197	C:T	
87	rs12278934	4587272	0.436	0.497	0.0558	100.0	0	0	0.46	C:T	
88	rs11032828	4587292	0.409	0.444	0.2361	100.0	0	0	0.333	G:A	
89	rs12278975	4587367	0.462	0.498	0.2784	100.0	0	0	0.47	T:C	
90	rs10836287	4587373	0.466	0.497	0.358	100.0	0	0	0.46	C:T	
91	rs7129059	4587940	0.477	0.5	0.5271	100.0	0	0	0.485	G:A	
92	rs59996566	4588026	0.443	0.475	0.3213	100.0	0	0	0.388	G:T	
93	rs2657160	4588351	0.515	0.5	0.7341	100.0	0	0	0.496	A:G	
94	rs1338658468	4589066	0.511	0.485	0.4784	100.0	0	0	0.415	C:T	
95	rs2641398	4589567	0.125	0.13	0.7323	100.0	0	0	0.07	C:A	
96	rs4910630	4590639	0.511	0.498	0.7881	100.0	0	0	0.472	T:C	
97	rs10768096	4591739	0.371	0.359	0.7503	100.0	0	0	0.235	G:T	
98	rs12270024	4592224	0.439	0.467	0.3922	100.0	0	0	0.371	C:T	
99	rs1505209	4592277	0.015	0.015	1.0	100.0	0	0	0.008	A:G	
100	rs1505208	4592340	0.064	0.062	1.0	100.0	0	0	0.032	G:A	
101	rs11826422	4592718	0.155	0.156	1.0	100.0	0	0	0.085	C:A	
102	rs11821558	4592725	0.155	0.156	1.0	100.0	0	0	0.085	G:A	
103	rs7113992	4592752	0.098	0.107	0.3916	100.0	0	0	0.057	T:C	
104	rs10836309	4593052	0.5	0.487	0.7918	100.0	0	0	0.42	G:T	
105	rs34097396	4593411	0.314	0.332	0.4702	100.0	0	0	0.21	G:A	
106	rs74052438	4593500	0.17	0.168	1.0	100.0	0	0	0.093	G:A	
107	rs12793041	4594471	0.068	0.073	0.6237	100.0	0	0	0.038	G:A	
108	rs12795289	4594545	0.068	0.073	0.6237	100.0	0	0	0.038	A:G	
109	rs77038820	4594722	0.083	0.094	0.2408	100.0	0	0	0.049	A:G	
110	rs2657148	4594885	0.14	0.137	1.0	100.0	0	0	0.074	G:A	
111	rs56828572	4595249	0.152	0.153	1.0	100.0	0	0	0.083	G:T	
112	rs7106856	4595670	0.231	0.238	0.7575	100.0	0	0	0.138	A:G	
113	rs4570576	4596213	0.492	0.483	0.8875	100.0	0	0	0.409	T:C	
114	rs1325364429	4596277	0.231	0.238	0.7575	100.0	0	0	0.138	G:A	
115	rs4459298	4596449	0.489	0.491	1.0	100.0	0	0	0.434	G:A	
116	rs4573672	4596465	0.508	0.497	0.8519	100.0	0	0	0.462	T:C	
117	rs77409142	4596688	0.148	0.15	1.0	100.0	0	0	0.081	G:T	
118	rs1505202	4596897	0.182	0.178	1.0	100.0	0	0	0.098	C:T	
119	rs2657151	4597258	0.398	0.402	0.9583	100.0	0	0	0.278	G:A	
120	rs79473862	4597350	0.239	0.249	0.6153	100.0	0	0	0.146	G:A	
121	rs76446722	4597972	0.015	0.015	1.0	100.0	0	0	0.008	A:G	
122	rs554450094	4597980	0.432	0.437	0.9408	100.0	0	0	0.322	G:T	
123	rs11032896	4599221	0.068	0.08	0.1302	100.0	0	0	0.042	T:C	
124	rs76257010	4600940	0.049	0.048	1.0	100.0	0	0	0.025	G:A	
125	rs1122778	4601269	0.428	0.457	0.3455	100.0	0	0	0.354	T:C	
126	rs1000071	4601302	0.508	0.499	0.8996	100.0	0	0	0.477	A:C	
127	rs2163284	4601873	0.511	0.5	0.8204	100.0	0	0	0.487	A:G	
128	rs74052444	4602105	0.106	0.12	0.16	100.0	0	0	0.064	A:G	
129	rs17221921	4602310	0.193	0.216	0.1553	100.0	0	0	0.123	G:T	
130	rs1009240	4604417	0.402	0.403	1.0	100.0	0	0	0.28	A:G	
131	rs1346833	4605490	0.436	0.493	0.0715	100.0	0	0	0.441	A:G	
132	rs79639430	4605571	0.023	0.022	1.0	100.0	0	0	0.011	A:G	
133	rs57287450	4606047	0.087	0.083	1.0	100.0	0	0	0.044	A:C	
134	rs7124305	4606952	0.254	0.249	1.0	100.0	0	0	0.146	T:C	
135	rs7108599	4607913	0.235	0.241	0.8139	100.0	0	0	0.14	G:A	
136	rs7128702	4608116	0.424	0.447	0.4706	100.0	0	0	0.337	T:C	
137	rs16917170	4609465	0.212	0.207	1.0	100.0	0	0	0.117	G:T	
138	rs73399603	4610537	0.205	0.196	0.7315	100.0	0	0	0.11	G:A	
139	rs7951206	4611654	0.318	0.325	0.8223	100.0	0	0	0.205	G:A	
140	rs10734431	4612177	0.087	0.09	0.898	100.0	0	0	0.047	C:A	
141	rs16917516	4612703	0.152	0.159	0.6223	100.0	0	0	0.087	A:G	
142	rs12146686	4613203	0.155	0.162	0.674	100.0	0	0	0.089	G:T	
143	rs11032968	4613352	0.477	0.499	0.5467	100.0	0	0	0.473	T:C	
144	rs905872	4613366	0.477	0.498	0.5661	100.0	0	0	0.466	T:C	
145	rs983881491	4613798	0.417	0.437	0.5245	100.0	0	0	0.322	G:T	
146	rs61997187	4616062	0.265	0.257	0.8417	100.0	0	0	0.152	C:T	
147	rs16917882	4616860	0.341	0.321	0.4335	100.0	0	0	0.201	G:A	
148	rs139557901	4618251	0.076	0.087	0.1804	100.0	0	0	0.045	T:C	
149	rs7116019	4618606	0.269	0.26	0.7859	100.0	0	0	0.153	A:G	
150	rs67261873	4619666	0.25	0.246	1.0	100.0	0	0	0.144	T:C	
151	rs12796784	4620328	0.223	0.216	0.8403	100.0	0	0	0.123	T:C	
152	rs115038309	4621232	0.068	0.08	0.1302	100.0	0	0	0.042	C:T	
153	rs200640502	4621323	0.451	0.435	0.6879	100.0	0	0	0.32	T:G	
154	rs2231977	4621486	0.295	0.325	0.1844	100.0	0	0	0.205	T:C	
155	rs2231972	4622159	0.424	0.437	0.722	100.0	0	0	0.322	C:T	
156	rs931811	4623788	0.258	0.278	0.3188	100.0	0	0	0.167	T:C	
157	rs17314159	4624432	0.277	0.285	0.7311	100.0	0	0	0.172	C:A	
158	rs114585867	4625315	0.098	0.107	0.3916	100.0	0	0	0.057	T:C	
159	rs6578502	4626865	0.095	0.097	1.0	100.0	0	0	0.051	T:C	
160	rs11033006	4626910	0.189	0.196	0.7702	100.0	0	0	0.11	C:T	
161	rs4910512	4627667	0.485	0.5	0.6916	100.0	0	0	0.492	A:C	
162	rs6578503	4629444	0.148	0.143	1.0	100.0	0	0	0.078	G:A	
163	rs74052465	4630456	0.034	0.034	1.0	100.0	0	0	0.017	T:C	
164	rs7950390	4631352	0.485	0.5	0.6916	100.0	0	0	0.492	G:T	
165	rs73399640	4631526	0.212	0.207	1.0	100.0	0	0	0.117	T:C	
166	rs1368677070	4632745	0.383	0.365	0.5775	100.0	0	0	0.241	C:A	
167	rs74052472	4633537	0.034	0.034	1.0	100.0	0	0	0.017	A:G	
168	rs75603147	4634742	0.064	0.062	1.0	100.0	0	0	0.032	C:G	
169	rs57936494	4635547	0.288	0.273	0.5295	100.0	0	0	0.163	T:C	
170	rs74482716	4635912	0.098	0.114	0.1165	100.0	0	0	0.061	C:A	
171	rs73403432	4641002	0.307	0.3	0.9124	100.0	0	0	0.184	C:T	
172	rs10768125	4643496	0.371	0.403	0.2395	100.0	0	0	0.28	A:G	
173	rs3861787	4647770	0.458	0.5	0.2072	100.0	0	0	0.494	G:T	
174	rs74052479	4648022	0.064	0.062	1.0	100.0	0	0	0.032	A:G	
175	rs4910515	4654529	0.455	0.498	0.1831	100.0	0	0	0.47	A:G	
176	rs4910653	4656336	0.47	0.499	0.389	100.0	0	0	0.477	G:A	
177	rs7932491	4657243	0.246	0.244	1.0	100.0	0	0	0.142	A:G	
178	rs4910519	4657354	0.394	0.431	0.1981	100.0	0	0	0.314	G:A	
179	rs10836397	4658068	0.174	0.165	0.6855	100.0	0	0	0.091	A:G	
180	rs16923484	4659085	0.227	0.224	1.0	100.0	0	0	0.129	G:T	
181	rs4625457	4659187	0.356	0.355	1.0	100.0	0	0	0.231	A:C	
182	rs1908177	4659419	0.023	0.022	1.0	100.0	0	0	0.011	G:T	
183	rs11033126	4659858	0.273	0.278	0.8901	100.0	0	0	0.167	C:T	
184	rs4910655	4660316	0.341	0.334	0.9297	100.0	0	0	0.212	T:C	
185	rs61740347	4661243	0.045	0.044	1.0	100.0	0	0	0.023	T:C	
186	rs905871	4661285	0.023	0.022	1.0	100.0	0	0	0.011	A:G	
187	rs61745314	4661424	0.049	0.048	1.0	100.0	0	0	0.025	G:A	
188	rs4910656	4662087	0.284	0.285	1.0	100.0	0	0	0.172	T:C	
189	rs10768139	4663543	0.273	0.283	0.6746	100.0	0	0	0.17	A:G	
190	rs10836407	4664460	0.473	0.468	0.9742	100.0	0	0	0.373	G:A	
191	rs7925271	4664657	0.413	0.395	0.587	100.0	0	0	0.271	C:T	
192	rs16924041	4664893	0.064	0.069	0.5703	100.0	0	0	0.036	C:T	
193	rs10768149	4666074	0.246	0.244	1.0	100.0	0	0	0.142	T:C	
194	rs10768150	4666216	0.367	0.377	0.7731	100.0	0	0	0.252	A:G	
195	rs386750042	4666547	0.481	0.475	0.965	100.0	0	0	0.388	A:G	
196	rs16924294	4666810	0.28	0.273	0.8707	100.0	0	0	0.163	A:G	
197	rs7102992	4667214	0.398	0.373	0.3814	100.0	0	0	0.248	T:C	
198	rs9787767	4667430	0.129	0.127	1.0	100.0	0	0	0.068	G:C	
199	rs7937180	4667693	0.485	0.481	1.0	100.0	0	0	0.402	C:A	
200	rs7940924	4668351	0.299	0.28	0.4	100.0	0	0	0.169	C:A	
201	rs10836412	4668405	0.057	0.055	1.0	100.0	0	0	0.028	C:A	
202	rs16924612	4669708	0.447	0.422	0.4436	100.0	0	0	0.303	C:T	
203	rs1857783	4669916	0.417	0.434	0.59	100.0	0	0	0.318	C:T	
204	rs7124317	4670713	0.481	0.47	0.8188	100.0	0	0	0.377	T:C	
205	rs12280089	4673106	0.318	0.312	0.9336	100.0	0	0	0.193	T:C	
206	rs4910524	4673647	0.47	0.479	0.8239	100.0	0	0	0.398	G:A	
207	rs3817098	4674575	0.25	0.241	0.7809	100.0	0	0	0.14	G:A	
208	rs721758	4675158	0.39	0.462	0.0159	100.0	0	0	0.362	G:A	
209	rs10500609	4675379	0.25	0.262	0.5554	100.0	0	0	0.155	A:G	
210	rs12282863	4675959	0.367	0.369	1.0	100.0	0	0	0.244	A:G	
211	rs61883656	4677492	0.227	0.23	0.9953	100.0	0	0	0.133	A:G	
212	rs12574901	4677509	0.265	0.252	0.5761	100.0	0	0	0.148	A:G	
213	rs12271352	4678228	0.364	0.367	0.9674	100.0	0	0	0.242	C:T	
214	rs16925767	4678353	0.246	0.238	0.8357	100.0	0	0	0.138	C:T	
215	rs12281472	4679286	0.364	0.367	0.9674	100.0	0	0	0.242	T:G	
216	rs79635000	4679738	0.348	0.343	0.9704	100.0	0	0	0.22	C:T	
217	rs4910658	4681588	0.212	0.213	1.0	100.0	0	0	0.121	C:T	
218	rs10768156	4682264	0.307	0.3	0.9124	100.0	0	0	0.184	G:A	
219	rs10768157	4682376	0.322	0.309	0.6818	100.0	0	0	0.191	A:C	
220	rs11033233	4682882	0.307	0.3	0.9124	100.0	0	0	0.184	G:T	
221	rs116717844	4685668	0.072	0.076	0.6779	100.0	0	0	0.04	T:C	
222	rs7115827	4685700	0.352	0.349	1.0	100.0	0	0	0.225	G:A	
223	rs79384289	4686187	0.027	0.026	1.0	100.0	0	0	0.013	T:C	
224	rs6578514	4686295	0.386	0.375	0.7756	100.0	0	0	0.25	T:C	
225	rs7124760	4687238	0.386	0.375	0.7756	100.0	0	0	0.25	C:T	
226	rs74055207	4689529	0.155	0.156	1.0	100.0	0	0	0.085	C:T	
227	rs7104749	4691543	0.417	0.413	1.0	100.0	0	0	0.292	G:A	
228	rs4910662	4692884	0.095	0.097	1.0	100.0	0	0	0.051	C:A	
229	rs4910663	4692979	0.402	0.397	0.9995	100.0	0	0	0.273	A:C	
230	rs11033275	4693134	0.379	0.371	0.9028	100.0	0	0	0.246	A:C	
231	rs17225636	4693670	0.375	0.369	0.9676	100.0	0	0	0.244	C:T	
232	rs11033277	4694308	0.042	0.041	1.0	100.0	0	0	0.021	G:A	
233	rs10836452	4694428	0.098	0.1	1.0	100.0	0	0	0.053	A:G	
234	rs2201337	4694603	0.371	0.367	1.0	100.0	0	0	0.242	C:T	
235	rs1995562	4694964	0.371	0.367	1.0	100.0	0	0	0.242	G:A	
236	rs2131699	4695764	0.155	0.162	0.674	100.0	0	0	0.089	A:C	
237	rs10768168	4696280	0.311	0.298	0.6489	100.0	0	0	0.182	C:G	
238	rs79373937	4696380	0.167	0.171	0.8353	100.0	0	0	0.095	C:A	
239	rs10836454	4696875	0.511	0.485	0.4784	100.0	0	0	0.415	C:T	
240	rs73388874	4697262	0.322	0.309	0.6818	100.0	0	0	0.191	A:G	
241	rs11033295	4698488	0.295	0.293	1.0	100.0	0	0	0.178	T:C	
242	rs1124113	4700862	0.117	0.111	0.785	100.0	0	0	0.059	C:T	
243	rs2292157	4701586	0.25	0.246	1.0	100.0	0	0	0.144	G:A	
244	rs7111883	4701913	0.239	0.254	0.4132	100.0	0	0	0.15	G:A	
245	rs11033308	4702108	0.098	0.094	1.0	100.0	0	0	0.049	C:T	
246	rs73388885	4702838	0.246	0.244	1.0	100.0	0	0	0.142	G:A	
247	rs1123991	4703165	0.568	0.498	0.0313	100.0	0	0	0.466	A:C	
248	rs1123990	4703321	0.25	0.246	1.0	100.0	0	0	0.144	G:A	
249	rs12575331	4703654	0.25	0.246	1.0	100.0	0	0	0.144	A:G	
250	rs78178243	4705947	0.11	0.111	1.0	100.0	0	0	0.059	C:T	
251	rs1505194	4706037	0.523	0.494	0.4204	100.0	0	0	0.443	A:C	
252	rs12223580	4706179	0.095	0.09	1.0	100.0	0	0	0.047	G:A	
253	rs12577780	4706652	0.072	0.083	0.1541	100.0	0	0	0.044	C:T	
254	rs10836470	4707571	0.223	0.222	1.0	100.0	0	0	0.127	C:T	
255	rs10742359	4707755	0.458	0.453	0.9818	100.0	0	0	0.347	C:A	
256	rs1857782	4707985	0.068	0.066	1.0	100.0	0	0	0.034	C:G	
257	rs1072894	4709585	0.477	0.496	0.6054	100.0	0	0	0.455	A:G	
258	rs1505193	4710287	0.447	0.454	0.8775	100.0	0	0	0.348	C:T	
259	rs57321531	4710940	0.045	0.052	0.3243	100.0	0	0	0.027	A:G	
260	rs1847631	4711860	0.053	0.052	1.0	100.0	0	0	0.027	A:G	
261	rs11033350	4711986	0.307	0.309	1.0	100.0	0	0	0.191	T:C	
262	rs11033352	4712353	0.428	0.412	0.6446	100.0	0	0	0.29	T:C	
263	rs4910526	4713651	0.042	0.041	1.0	100.0	0	0	0.021	T:C	
264	rs1505210	4713811	0.485	0.493	0.8697	100.0	0	0	0.439	A:G	
265	rs7480497	4714050	0.386	0.375	0.7756	100.0	0	0	0.25	C:T	
266	rs7105156	4715946	0.356	0.367	0.7081	100.0	0	0	0.242	G:A	
267	rs7108524	4716066	0.424	0.419	0.9982	100.0	0	0	0.299	T:C	
268	rs10836480	4716197	0.049	0.048	1.0	100.0	0	0	0.025	G:A	
269	rs77557397	4717978	0.125	0.124	1.0	100.0	0	0	0.066	C:T	
270	rs1493744	4718283	0.216	0.233	0.339	100.0	0	0	0.134	A:G	
271	rs115976977	4718559	0.053	0.059	0.4176	100.0	0	0	0.03	C:T	
272	rs76663399	4718886	0.14	0.137	1.0	100.0	0	0	0.074	G:A	
273	rs76529762	4719402	0.038	0.037	1.0	100.0	0	0	0.019	C:T	
274	rs1565762	4720957	0.496	0.491	0.9932	100.0	0	0	0.434	C:T	
275	rs1032449	4722142	0.466	0.455	0.8325	100.0	0	0	0.35	G:A	
276	rs11033409	4723161	0.47	0.471	1.0	100.0	0	0	0.379	C:A	
277	rs7478759	4724486	0.447	0.474	0.4039	100.0	0	0	0.386	C:T	
278	rs1493745	4724680	0.053	0.059	0.4176	100.0	0	0	0.03	G:A	
279	rs11821062	4724872	0.136	0.134	1.0	100.0	0	0	0.072	T:C	
280	rs16933260	4725667	0.053	0.059	0.4176	100.0	0	0	0.03	C:T	
281	rs10836495	4726687	0.034	0.041	0.2017	100.0	0	0	0.021	C:T	
282	rs12271916	4726878	0.492	0.498	0.9371	100.0	0	0	0.466	G:A	
283	rs12286984	4727240	0.117	0.117	1.0	100.0	0	0	0.062	C:T	
284	rs116398605	4727300	0.14	0.137	1.0	100.0	0	0	0.074	G:A	
285	rs77073877	4728835	0.049	0.055	0.3699	100.0	0	0	0.028	G:A	
286	rs1389463	4729164	0.39	0.398	0.8232	100.0	0	0	0.275	C:T	
287	rs7122597	4729650	0.36	0.361	1.0	100.0	0	0	0.237	A:G	
288	rs7112068	4729684	0.492	0.474	0.6431	100.0	0	0	0.386	C:T	
289	rs7108910	4729746	0.5	0.497	1.0	100.0	0	0	0.458	C:A	
290	rs74052051	4729973	0.095	0.104	0.3504	100.0	0	0	0.055	A:G	
291	rs10836510	4730320	0.398	0.381	0.5967	100.0	0	0	0.256	T:C	
292	rs4430501	4730727	0.269	0.244	0.1431	100.0	0	0	0.142	G:C	
293	rs4436535	4731468	0.405	0.418	0.7044	100.0	0	0	0.297	A:G	
294	rs4471413	4731583	0.152	0.159	0.6223	100.0	0	0	0.087	T:C	
295	rs7946558	4731769	0.144	0.14	1.0	100.0	0	0	0.076	A:G	
296	rs7111878	4731983	0.341	0.367	0.3016	100.0	0	0	0.242	G:T	
297	rs4284391	4732086	0.144	0.153	0.5236	100.0	0	0	0.083	A:G	
298	rs61883463	4737174	0.428	0.373	0.0229	100.0	0	0	0.248	G:T	
299	rs1177360042	4738336	0.057	0.062	0.467	100.0	0	0	0.032	A:G	
300	rs4910666	4739784	0.432	0.425	0.9491	100.0	0	0	0.307	T:C	
301	rs116014701	4740135	0.182	0.165	0.1905	100.0	0	0	0.091	C:A	
302	rs7104128	4740745	0.33	0.349	0.4373	100.0	0	0	0.225	C:T	
303	rs7933187	4741954	0.489	0.483	0.9701	100.0	0	0	0.407	A:G	
304	rs7111199	4742222	0.413	0.365	0.0486	100.0	0	0	0.241	G:C	
305	rs7112177	4742302	0.216	0.222	0.8249	100.0	0	0	0.127	C:T	
306	rs75973986	4742487	0.064	0.062	1.0	100.0	0	0	0.032	C:T	
307	rs113627049	4742854	0.136	0.14	0.8946	100.0	0	0	0.076	T:C	
308	rs4331087	4742926	0.439	0.449	0.7952	100.0	0	0	0.341	T:C	
309	rs7124586	4745558	0.186	0.193	0.716	100.0	0	0	0.108	A:G	
310	rs115634901	4746642	0.045	0.044	1.0	100.0	0	0	0.023	A:G	
311	rs7102381	4747352	0.189	0.178	0.5061	100.0	0	0	0.098	A:G	
312	rs6578521	4747752	0.14	0.137	1.0	100.0	0	0	0.074	G:A	
313	rs4329682	4748566	0.261	0.238	0.182	100.0	0	0	0.138	G:A	
314	rs10836540	4750773	0.473	0.432	0.169	100.0	0	0	0.316	C:T	
315	rs61883467	4751700	0.22	0.213	0.8951	100.0	0	0	0.121	C:A	
316	rs7117559	4752136	0.303	0.283	0.3616	100.0	0	0	0.17	C:A	
317	rs7104808	4752849	0.371	0.355	0.6102	100.0	0	0	0.231	A:G	
318	rs76598412	4753024	0.189	0.178	0.5061	100.0	0	0	0.098	C:T	
319	rs7110669	4754318	0.189	0.178	0.5061	100.0	0	0	0.098	C:A	
320	rs4375437	4755505	0.473	0.472	1.0	100.0	0	0	0.381	T:C	
321	rs115235474	4755894	0.057	0.062	0.467	100.0	0	0	0.032	A:G	
322	rs4495890	4755980	0.508	0.5	0.9145	100.0	0	0	0.485	A:G	
323	rs57848177	4756344	0.28	0.262	0.4022	100.0	0	0	0.155	G:A	
324	rs11604459	4756479	0.136	0.127	0.5559	100.0	0	0	0.068	T:C	
325	rs61883469	4756804	0.242	0.23	0.5846	100.0	0	0	0.133	C:G	
326	rs61883471	4757096	0.409	0.382	0.3472	100.0	0	0	0.258	C:T	
327	rs10836558	4757492	0.489	0.494	0.9345	100.0	0	0	0.445	C:T	
328	rs114120982	4757742	0.174	0.165	0.6855	100.0	0	0	0.091	C:T	
329	rs10742372	4757938	0.466	0.477	0.7861	100.0	0	0	0.392	A:G	
330	rs11033618	4758152	0.038	0.044	0.2399	100.0	0	0	0.023	T:C	
331	rs1268158656	4758420	0.451	0.46	0.8299	100.0	0	0	0.358	A:C	
332	rs4132539	4759541	0.428	0.448	0.5306	100.0	0	0	0.339	T:C	
333	rs77530357	4759677	0.106	0.1	0.9394	100.0	0	0	0.053	G:A	
334	rs11033631	4760157	0.428	0.448	0.5306	100.0	0	0	0.339	G:T	
335	rs77704044	4761164	0.33	0.314	0.5758	100.0	0	0	0.195	C:T	
336	rs11033657	4763228	0.367	0.405	0.1658	100.0	0	0	0.282	A:C	
337	rs11601734	4763524	0.095	0.104	0.3504	100.0	0	0	0.055	G:T	
338	rs11033664	4764043	0.42	0.468	0.1229	100.0	0	0	0.373	A:G	
339	rs73390876	4764484	0.341	0.343	1.0	100.0	0	0	0.22	C:T	
340	rs80207353	4764915	0.341	0.343	1.0	100.0	0	0	0.22	G:A	
341	rs12222081	4765550	0.125	0.13	0.7323	100.0	0	0	0.07	A:G	
342	rs7952595	4772797	0.47	0.5	0.3717	100.0	0	0	0.5	C:C	
343	rs55739047	4776206	0.053	0.052	1.0	100.0	0	0	0.027	C:T	
344	rs10836579	4777353	0.186	0.175	0.5483	100.0	0	0	0.097	C:T	
345	rs73393052	4778258	0.402	0.393	0.8852	100.0	0	0	0.269	C:T	
346	rs80263091	4779552	0.155	0.143	0.3713	100.0	0	0	0.078	G:A	
347	rs7934619	4780488	0.318	0.298	0.3746	100.0	0	0	0.182	T:C	
348	rs74472193	4780546	0.14	0.137	1.0	100.0	0	0	0.074	C:T	
349	rs7127963	4781252	0.375	0.365	0.8294	100.0	0	0	0.241	C:A	
350	rs75488286	4781939	0.14	0.13	0.5152	100.0	0	0	0.07	T:C	
351	rs7122028	4783454	0.439	0.494	0.0863	100.0	0	0	0.447	A:G	
352	rs7128851	4783911	0.451	0.499	0.1355	100.0	0	0	0.483	G:T	
353	rs7947959	4784679	0.443	0.499	0.0834	100.0	0	0	0.479	G:A	
354	rs113561152	4787908	0.095	0.09	1.0	100.0	0	0	0.047	C:A	
355	rs11605170	4788143	0.167	0.178	0.4664	100.0	0	0	0.098	A:C	
356	rs75127621	4788946	0.208	0.222	0.451	100.0	0	0	0.127	A:G	
357	rs1030726	4790268	0.511	0.498	0.7764	100.0	0	0	0.468	C:A	
358	rs1030725	4790308	0.511	0.498	0.7764	100.0	0	0	0.468	A:G	
359	rs1030724	4790410	0.511	0.498	0.7764	100.0	0	0	0.468	A:G	
360	rs1030723	4790471	0.5	0.497	1.0	100.0	0	0	0.458	G:A	
361	rs11033795	4790671	0.511	0.498	0.7764	100.0	0	0	0.468	C:T	
362	rs74052100	4790682	0.083	0.08	1.0	100.0	0	0	0.042	C:T	
363	rs756234834	4790857	0.511	0.498	0.7764	100.0	0	0	0.468	A:G	
364	rs111736749	4790881	0.102	0.104	1.0	100.0	0	0	0.055	A:G	
365	rs11033800	4790948	0.511	0.498	0.7764	100.0	0	0	0.468	C:A	
366	rs11033801	4790951	0.508	0.498	0.8661	100.0	0	0	0.466	A:G	
367	rs16938394	4791046	0.348	0.33	0.49	100.0	0	0	0.208	A:G	
368	rs74672350	4792365	0.083	0.08	1.0	100.0	0	0	0.042	A:G	
369	rs11033816	4793649	0.424	0.422	1.0	100.0	0	0	0.303	C:T	
370	rs7130201	4794638	0.144	0.146	1.0	100.0	0	0	0.08	G:T	
371	rs77442594	4799773	0.254	0.28	0.1826	100.0	0	0	0.169	C:T	
372	rs113392418	4806547	0.038	0.037	1.0	100.0	0	0	0.019	A:G	
373	rs71480268	4807092	0.057	0.055	1.0	100.0	0	0	0.028	A:G	
374	rs79533604	4807308	0.254	0.28	0.1826	100.0	0	0	0.169	A:G	
375	rs1433907	4809047	0.508	0.493	0.7368	100.0	0	0	0.439	T:C	
376	rs12224171	4811083	0.451	0.441	0.8421	100.0	0	0	0.328	G:A	
377	rs11822216	4811933	0.375	0.349	0.3184	100.0	0	0	0.225	C:T	
378	rs7942773	4812630	0.076	0.08	0.7326	100.0	0	0	0.042	T:C	
379	rs10836653	4814825	0.473	0.48	0.9046	100.0	0	0	0.4	G:A	
380	rs12805337	4814850	0.477	0.469	0.896	100.0	0	0	0.375	G:A	
381	rs10768242	4815348	0.492	0.497	0.9669	100.0	0	0	0.458	T:C	
382	rs77904454	4817323	0.14	0.137	1.0	100.0	0	0	0.074	G:T	
383	rs11033906	4817705	0.182	0.196	0.377	100.0	0	0	0.11	G:T	
384	rs6578527	4818620	0.239	0.244	0.871	100.0	0	0	0.142	A:G	
385	rs4910681	4819009	0.508	0.483	0.5146	100.0	0	0	0.409	G:A	
386	rs10836673	4819113	0.261	0.27	0.7165	100.0	0	0	0.161	G:A	
387	rs4910682	4819349	0.492	0.497	0.9669	100.0	0	0	0.458	C:T	
388	rs74693908	4819498	0.068	0.066	1.0	100.0	0	0	0.034	C:T	
389	rs1433902	4820353	0.485	0.471	0.7431	100.0	0	0	0.379	G:T	
390	rs7939275	4821120	0.258	0.257	1.0	100.0	0	0	0.152	C:T	
391	rs4382897	4823689	0.492	0.497	0.9669	100.0	0	0	0.458	C:T	
392	rs7941731	4825225	0.492	0.497	0.9669	100.0	0	0	0.458	G:A	
393	rs61740077	4825421	0.083	0.087	0.843	100.0	0	0	0.045	G:A	
394	rs79518998	4825816	0.152	0.146	0.9964	100.0	0	0	0.08	G:A	
395	rs115966449	4829056	0.098	0.114	0.1165	100.0	0	0	0.061	A:G	
396	rs1865283	4830320	0.458	0.497	0.2361	100.0	0	0	0.464	G:A	
397	rs7103247	4830370	0.371	0.379	0.8375	100.0	0	0	0.254	C:T	
398	rs57901308	4832446	0.174	0.171	1.0	100.0	0	0	0.095	A:G	
399	rs75575600	4832932	0.015	0.015	1.0	100.0	0	0	0.008	A:G	
400	rs1541946	4833131	0.489	0.483	0.9701	100.0	0	0	0.407	T:C	
401	rs35223387	4833216	0.091	0.094	0.9528	100.0	0	0	0.049	T:C	
402	rs61880859	4833908	0.114	0.114	1.0	100.0	0	0	0.061	G:A	
403	rs11822851	4834045	0.451	0.438	0.7652	100.0	0	0	0.324	A:G	
404	rs73403044	4834092	0.03	0.03	1.0	100.0	0	0	0.015	G:A	
405	rs12276131	4839164	0.284	0.309	0.2469	100.0	0	0	0.191	G:A	
406	rs12276504	4839847	0.144	0.14	1.0	100.0	0	0	0.076	G:A	
407	rs17328039	4840438	0.144	0.14	1.0	100.0	0	0	0.076	A:G	
408	rs41520952	4841386	0.053	0.059	0.4176	100.0	0	0	0.03	C:T	
409	rs11034067	4842023	0.042	0.041	1.0	100.0	0	0	0.021	A:G	
410	rs35003053	4842866	0.042	0.041	1.0	100.0	0	0	0.021	A:G	
411	rs7114668	4842925	0.413	0.415	1.0	100.0	0	0	0.294	C:A	
412	rs77939309	4844385	0.042	0.041	1.0	100.0	0	0	0.021	C:T	
413	rs115423627	4845702	0.038	0.044	0.2399	100.0	0	0	0.023	T:C	
414	rs10836729	4848704	0.477	0.476	1.0	100.0	0	0	0.39	A:G	
415	rs1214381409	4848894	0.03	0.03	1.0	100.0	0	0	0.015	A:C	
416	rs116512848	4849955	0.034	0.034	1.0	100.0	0	0	0.017	T:C	
417	rs7951380	4852462	0.348	0.407	0.029	100.0	0	0	0.284	G:A	
418	rs17328663	4852715	0.114	0.114	1.0	100.0	0	0	0.061	A:G	
419	rs17250199	4854147	0.042	0.041	1.0	100.0	0	0	0.021	C:T	
420	rs4910689	4854938	0.432	0.447	0.6547	100.0	0	0	0.337	T:C	
421	rs16906747	4855124	0.402	0.431	0.315	100.0	0	0	0.314	A:C	
422	rs12785274	4855311	0.042	0.041	1.0	100.0	0	0	0.021	G:A	
423	rs7102868	4856172	0.042	0.041	1.0	100.0	0	0	0.021	A:G	
424	rs77392631	4862776	0.03	0.03	1.0	100.0	0	0	0.015	T:C	
425	rs12795917	4867824	0.064	0.076	0.1089	100.0	0	0	0.04	G:A	
426	rs12361955	4869649	0.42	0.475	0.0772	100.0	0	0	0.388	G:A	
427	rs57238061	4869792	0.364	0.407	0.1111	100.0	0	0	0.284	A:G	
428	rs7117260	4869906	0.47	0.485	0.6803	100.0	0	0	0.413	C:A	
429	rs115775855	4870070	0.045	0.044	1.0	100.0	0	0	0.023	C:A	
430	rs386750065	4871506	0.068	0.073	0.6237	100.0	0	0	0.038	C:T	
431	rs10836850	4885205	0.405	0.408	0.99	100.0	0	0	0.286	A:G	
432	rs73405004	4892742	0.087	0.083	1.0	100.0	0	0	0.044	T:G	
433	rs74054613	4892860	0.148	0.143	1.0	100.0	0	0	0.078	A:G	
434	rs76332015	4893093	0.14	0.137	1.0	100.0	0	0	0.074	G:A	
435	rs1865286	4896254	0.197	0.207	0.558	100.0	0	0	0.117	C:T	
436	rs1155740	4897339	0.466	0.493	0.4219	100.0	0	0	0.441	G:A	
437	rs73405009	4898377	0.087	0.083	1.0	100.0	0	0	0.044	A:G	
438	rs74709351	4900023	0.064	0.069	0.5703	100.0	0	0	0.036	A:G	
439	rs11034467	4901399	0.307	0.314	0.8161	100.0	0	0	0.195	A:G	
440	rs16906901	4901939	0.216	0.227	0.5457	100.0	0	0	0.131	A:G	
441	rs376330577	4904478	0.295	0.302	0.824	100.0	0	0	0.186	T:C	
442	rs11603903	4905155	0.466	0.489	0.499	100.0	0	0	0.426	G:T	
443	rs11034493	4905202	0.269	0.275	0.8314	100.0	0	0	0.165	G:A	
444	rs114285890	4906936	0.038	0.037	1.0	100.0	0	0	0.019	C:A	
445	rs2595982	4909000	0.466	0.489	0.499	100.0	0	0	0.426	A:G	
446	rs2570591	4910224	0.28	0.288	0.7889	100.0	0	0	0.174	G:A	
447	rs35678658	4910903	0.045	0.044	1.0	100.0	0	0	0.023	C:T	
448	rs114945109	4911994	0.057	0.062	0.467	100.0	0	0	0.032	A:G	
449	rs10836912	4912192	0.193	0.204	0.5095	100.0	0	0	0.116	G:A	
450	rs4910692	4912747	0.508	0.494	0.7808	100.0	0	0	0.447	A:G	
451	rs115660229	4912903	0.049	0.048	1.0	100.0	0	0	0.025	T:C	
452	rs10836914	4913057	0.386	0.379	0.9046	100.0	0	0	0.254	A:G	
453	rs12577475	4913314	0.348	0.339	0.8071	100.0	0	0	0.216	G:A	
454	rs2570586	4914371	0.39	0.365	0.3666	100.0	0	0	0.241	C:T	
455	rs11034554	4914573	0.458	0.43	0.3632	100.0	0	0	0.312	A:G	
456	rs1816448	4915072	0.223	0.233	0.6484	100.0	0	0	0.134	C:T	
457	rs75562713	4918834	0.155	0.168	0.3409	100.0	0	0	0.093	C:G	
458	rs11034573	4919979	0.36	0.353	0.937	100.0	0	0	0.229	A:G	
459	rs73405039	4920027	0.189	0.207	0.2571	100.0	0	0	0.117	G:T	
460	rs11034574	4920335	0.515	0.49	0.4901	100.0	0	0	0.428	A:G	
461	rs386750071	4920390	0.178	0.181	1.0	100.0	0	0	0.1	G:A	
462	rs59413150	4922141	0.288	0.293	0.9075	100.0	0	0	0.178	G:T	
463	rs7945056	4922963	0.288	0.293	0.9075	100.0	0	0	0.178	G:A	
464	rs7950564	4924477	0.462	0.486	0.4794	100.0	0	0	0.417	C:G	
465	rs1290719469	4924732	0.038	0.037	1.0	100.0	0	0	0.019	A:G	
466	rs7118691	4925167	0.39	0.365	0.3666	100.0	0	0	0.241	A:C	
467	rs10836931	4925500	0.208	0.204	1.0	100.0	0	0	0.116	A:G	
468	rs10500632	4925933	0.038	0.037	1.0	100.0	0	0	0.019	G:A	
469	rs112242670	4925988	0.049	0.048	1.0	100.0	0	0	0.025	A:G	
470	rs10768355	4926740	0.47	0.463	0.9404	100.0	0	0	0.364	T:C	
471	rs7938052	4928356	0.095	0.097	1.0	100.0	0	0	0.051	C:T	
472	rs11034596	4928621	0.212	0.207	1.0	100.0	0	0	0.117	G:A	
473	rs78548289	4928731	0.038	0.037	1.0	100.0	0	0	0.019	C:A	
474	rs7108225	4928841	0.038	0.037	1.0	100.0	0	0	0.019	T:C	
475	rs7941509	4928866	0.39	0.365	0.3666	100.0	0	0	0.241	C:T	
476	rs7108654	4929186	0.095	0.097	1.0	100.0	0	0	0.051	T:C	
477	rs7119629	4929448	0.095	0.097	1.0	100.0	0	0	0.051	G:A	
478	rs7941649	4929712	0.527	0.5	0.4714	100.0	0	0	0.487	G:A	
479	rs11034602	4930566	0.246	0.254	0.7239	100.0	0	0	0.15	T:C	
480	rs11034603	4930763	0.386	0.371	0.6476	100.0	0	0	0.246	C:T	
481	rs1368832	4932775	0.356	0.334	0.4002	100.0	0	0	0.212	C:A	
482	rs59975458	4933518	0.174	0.178	0.9457	100.0	0	0	0.098	C:T	
483	rs7112101	4935470	0.47	0.465	0.9975	100.0	0	0	0.367	C:T	
484	rs12802922	4935610	0.068	0.066	1.0	100.0	0	0	0.034	C:T	
485	rs61747513	4936401	0.231	0.249	0.3311	100.0	0	0	0.146	G:A	
486	rs60718970	4936721	0.125	0.124	1.0	100.0	0	0	0.066	C:T	
487	rs2595978	4937040	0.269	0.28	0.6198	100.0	0	0	0.169	T:G	
488	rs7116979	4937101	0.03	0.037	0.1663	100.0	0	0	0.019	A:G	
489	rs919900	4937138	0.436	0.468	0.3084	100.0	0	0	0.373	C:T	
490	rs114636891	4937583	0.057	0.055	1.0	100.0	0	0	0.028	C:T	
491	rs79486035	4941144	0.117	0.137	0.0818	100.0	0	0	0.074	A:G	
492	rs17337649	4941573	0.045	0.044	1.0	100.0	0	0	0.023	G:T	
493	rs1433897	4941904	0.398	0.418	0.5016	100.0	0	0	0.297	G:A	
494	rs11034658	4942386	0.11	0.111	1.0	100.0	0	0	0.059	C:A	
495	rs7109741	4942510	0.091	0.087	1.0	100.0	0	0	0.045	C:T	
496	rs79536656	4944728	0.114	0.134	0.0682	100.0	0	0	0.072	A:G	
497	rs59534473	4944790	0.17	0.168	1.0	100.0	0	0	0.093	C:T	
498	rs12796015	4944986	0.045	0.044	1.0	100.0	0	0	0.023	A:G	
499	rs1378739	4945196	0.364	0.4	0.1759	100.0	0	0	0.277	G:T	
500	rs34742470	4945199	0.045	0.044	1.0	100.0	0	0	0.023	C:T	
501	rs35264256	4945233	0.11	0.104	0.8868	100.0	0	0	0.055	C:T	
502	rs10836955	4945631	0.072	0.069	1.0	100.0	0	0	0.036	G:A	
503	rs16907439	4946056	0.114	0.107	0.8353	100.0	0	0	0.057	C:T	
504	rs11034685	4946345	0.197	0.213	0.3269	100.0	0	0	0.121	C:T	
505	rs1469750	4947313	0.231	0.227	1.0	100.0	0	0	0.131	C:T	
506	rs11034689	4947437	0.205	0.213	0.6606	100.0	0	0	0.121	T:C	
507	rs12274659	4947444	0.208	0.216	0.7142	100.0	0	0	0.123	A:G	
508	rs10500624	4948560	0.136	0.14	0.8946	100.0	0	0	0.076	T:C	
509	rs12279904	4949513	0.208	0.204	1.0	100.0	0	0	0.116	T:C	
510	rs2164016	4950876	0.091	0.1	0.3114	100.0	0	0	0.053	T:C	
511	rs78200423	4951488	0.03	0.03	1.0	100.0	0	0	0.015	G:A	
512	rs840708	4951599	0.447	0.485	0.2407	100.0	0	0	0.413	C:T	
513	rs840709	4951958	0.364	0.393	0.2726	100.0	0	0	0.269	T:C	
514	rs16907494	4953022	0.258	0.283	0.2102	100.0	0	0	0.17	T:C	
515	rs1359275555	4953176	0.144	0.153	0.5236	100.0	0	0	0.083	T:G	
516	rs112906859	4953420	0.095	0.09	1.0	100.0	0	0	0.047	C:T	
517	rs840716	4953462	0.25	0.257	0.7802	100.0	0	0	0.152	G:T	
518	rs73407039	4953773	0.133	0.13	1.0	100.0	0	0	0.07	C:T	
519	rs79797168	4953823	0.015	0.015	1.0	100.0	0	0	0.008	G:T	
520	rs840717	4954685	0.466	0.464	1.0	100.0	0	0	0.366	T:C	
521	rs10836973	4957919	0.261	0.265	0.9543	100.0	0	0	0.157	C:A	
522	rs11034732	4958647	0.072	0.076	0.6779	100.0	0	0	0.04	T:C	
523	rs16907558	4958702	0.114	0.127	0.2131	100.0	0	0	0.068	C:T	
524	rs17339000	4958961	0.261	0.285	0.2407	100.0	0	0	0.172	C:T	
525	rs72858189	4959479	0.076	0.08	0.7326	100.0	0	0	0.042	G:A	
526	rs75198786	4959510	0.023	0.022	1.0	100.0	0	0	0.011	A:G	
527	rs12288920	4960032	0.125	0.137	0.3117	100.0	0	0	0.074	T:C	
528	rs17339295	4961547	0.261	0.323	0.0046	100.0	0	0	0.203	C:T	
529	rs2595996	4964103	0.345	0.408	0.0171	100.0	0	0	0.286	C:A	
530	rs2595995	4964193	0.348	0.397	0.0668	100.0	0	0	0.273	T:C	
531	rs2570583	4964302	0.348	0.397	0.0668	100.0	0	0	0.273	A:G	
532	rs2595994	4964374	0.348	0.397	0.0668	100.0	0	0	0.273	T:C	
533	rs2595993	4964627	0.443	0.473	0.3491	100.0	0	0	0.384	C:A	
534	rs77497717	4976447	0.125	0.143	0.1149	100.0	0	0	0.078	C:G	
535	rs35526874	4977298	0.072	0.069	1.0	100.0	0	0	0.036	C:A	
536	rs11602673	4979689	0.129	0.146	0.1347	100.0	0	0	0.08	A:G	
537	rs7105981	4980153	0.292	0.305	0.5866	100.0	0	0	0.188	A:G	
538	rs386750082	4980792	0.515	0.487	0.4412	100.0	0	0	0.42	G:T	
539	rs11034913	4982916	0.11	0.111	1.0	100.0	0	0	0.059	G:A	
540	rs840707	4983807	0.25	0.307	0.0064	100.0	0	0	0.189	T:C	
541	rs10734458	4988619	0.42	0.424	0.9802	100.0	0	0	0.305	C:T	
542	rs7935991	4988869	0.129	0.134	0.7859	100.0	0	0	0.072	A:G	
543	rs11034951	4991138	0.455	0.479	0.4617	100.0	0	0	0.398	C:T	
544	rs1378738	4992282	0.246	0.26	0.5056	100.0	0	0	0.153	A:G	
545	rs1598507	4993057	0.455	0.479	0.4617	100.0	0	0	0.398	C:T	
546	rs111727687	4994331	0.11	0.13	0.0564	100.0	0	0	0.07	T:C	
547	rs7102290	4995686	0.439	0.459	0.5627	100.0	0	0	0.356	T:C	
548	rs2124447	4995989	0.439	0.459	0.5627	100.0	0	0	0.356	G:A	
549	rs74054415	4998126	0.242	0.262	0.3003	100.0	0	0	0.155	A:G	
550	rs114427160	4999486	0.023	0.022	1.0	100.0	0	0	0.011	A:G	
551	rs185822717	4999797	0.027	0.026	1.0	100.0	0	0	0.013	G:A	
552	rs1455954	5000043	0.481	0.483	1.0	100.0	0	0	0.407	T:C	
553	rs7104280	5001570	0.394	0.425	0.277	100.0	0	0	0.307	G:A	
554	rs74054435	5003553	0.14	0.143	0.9492	100.0	0	0	0.078	G:A	
555	rs114776702	5004278	0.114	0.127	0.2131	100.0	0	0	0.068	G:A	
556	rs12800414	5005327	0.205	0.207	0.9934	100.0	0	0	0.117	C:T	
557	rs11821225	5005408	0.299	0.332	0.1508	100.0	0	0	0.21	C:T	
558	rs77479075	5006112	0.114	0.127	0.2131	100.0	0	0	0.068	G:T	
559	rs74054442	5007153	0.307	0.336	0.2037	100.0	0	0	0.214	G:A	
560	rs11035019	5009563	0.114	0.114	1.0	100.0	0	0	0.061	C:T	
561	rs2499953	5010905	0.402	0.425	0.4232	100.0	0	0	0.307	A:G	
562	rs78462092	5010937	0.114	0.127	0.2131	100.0	0	0	0.068	A:G	
563	rs2499958	5012894	0.333	0.371	0.1311	100.0	0	0	0.246	A:G	
564	rs16908114	5013466	0.057	0.055	1.0	100.0	0	0	0.028	A:G	
565	rs2499966	5013827	0.17	0.156	0.2573	100.0	0	0	0.085	C:A	
566	rs114521773	5014178	0.023	0.022	1.0	100.0	0	0	0.011	T:C	
567	rs10837094	5015486	0.451	0.466	0.6688	100.0	0	0	0.369	C:T	
568	rs2500035	5015571	0.345	0.381	0.163	100.0	0	0	0.256	G:T	
569	rs74539256	5015634	0.019	0.019	1.0	100.0	0	0	0.009	G:A	
570	rs11035046	5016269	0.451	0.462	0.773	100.0	0	0	0.362	G:A	
571	rs10837099	5017037	0.462	0.465	1.0	100.0	0	0	0.367	C:A	
572	rs56202529	5018472	0.318	0.316	1.0	100.0	0	0	0.197	T:G	
573	rs56266619	5018483	0.322	0.319	1.0	100.0	0	0	0.199	C:T	
574	rs115234530	5018834	0.057	0.055	1.0	100.0	0	0	0.028	G:A	
575	rs74895817	5019208	0.072	0.069	1.0	100.0	0	0	0.036	G:A	
576	rs16908208	5019985	0.087	0.09	0.898	100.0	0	0	0.047	T:C	
577	rs11035064	5020189	0.417	0.425	0.8217	100.0	0	0	0.307	C:T	
578	rs2445290	5020416	0.295	0.334	0.0882	100.0	0	0	0.212	G:A	
579	rs11035066	5020509	0.417	0.425	0.8217	100.0	0	0	0.307	C:T	
580	rs113206396	5020707	0.057	0.055	1.0	100.0	0	0	0.028	G:A	
581	rs10768448	5020799	0.398	0.432	0.2323	100.0	0	0	0.316	C:T	
582	rs10768450	5020832	0.417	0.425	0.8217	100.0	0	0	0.307	C:T	
583	rs76895431	5020876	0.019	0.019	1.0	100.0	0	0	0.009	C:G	
584	rs61734126	5021055	0.057	0.055	1.0	100.0	0	0	0.028	C:G	
585	rs2445292	5021864	0.174	0.178	0.9457	100.0	0	0	0.098	G:A	
586	rs2445293	5022036	0.186	0.168	0.1714	100.0	0	0	0.093	G:A	
587	rs369271290	5023781	0.402	0.431	0.315	100.0	0	0	0.314	T:C	
588	rs56036829	5025200	0.352	0.345	0.9076	100.0	0	0	0.222	A:C	
589	rs10837119	5026200	0.348	0.359	0.7134	100.0	0	0	0.235	T:C	
590	rs2499955	5026767	0.439	0.425	0.723	100.0	0	0	0.307	C:T	
591	rs11035102	5029457	0.117	0.143	0.0249	100.0	0	0	0.078	A:G	
592	rs2445284	5029703	0.352	0.384	0.2218	100.0	0	0	0.259	T:C	
593	rs2445300	5031484	0.428	0.441	0.7191	100.0	0	0	0.328	G:T	
594	rs116269262	5032449	0.049	0.055	0.3699	100.0	0	0	0.028	C:T	
595	rs884146	5032586	0.405	0.451	0.1275	100.0	0	0	0.343	G:A	
596	rs76506457	5033416	0.193	0.216	0.1553	100.0	0	0	0.123	G:A	
597	rs78751958	5036543	0.068	0.087	0.0223	100.0	0	0	0.045	C:T	
598	rs74049425	5036761	0.061	0.059	1.0	100.0	0	0	0.03	C:T	
599	rs10837130	5038608	0.303	0.302	1.0	100.0	0	0	0.186	A:G	
600	rs78887719	5039492	0.277	0.285	0.7311	100.0	0	0	0.172	T:C	
601	rs114874846	5040636	0.08	0.09	0.2093	100.0	0	0	0.047	C:T	
602	rs2445346	5042475	0.348	0.382	0.1907	100.0	0	0	0.258	C:T	
603	rs1378749	5042941	0.477	0.49	0.7516	100.0	0	0	0.428	T:C	
604	rs186237111	5043450	0.049	0.055	0.3699	100.0	0	0	0.028	C:A	
605	rs114239088	5043702	0.072	0.069	1.0	100.0	0	0	0.036	A:G	
606	rs1598512	5045694	0.462	0.483	0.5337	100.0	0	0	0.409	T:C	
607	rs11530014	5046436	0.303	0.298	0.9723	100.0	0	0	0.182	C:A	
608	rs2445248	5048058	0.496	0.497	1.0	100.0	0	0	0.464	G:A	
609	rs1840635	5048805	0.496	0.498	1.0	100.0	0	0	0.468	A:G	
610	rs2442421	5053712	0.477	0.498	0.5557	100.0	0	0	0.47	G:A	
611	rs112194518	5053829	0.28	0.307	0.2155	100.0	0	0	0.189	T:C	
612	rs16908782	5054643	0.277	0.314	0.0817	100.0	0	0	0.195	T:C	
613	rs386750090	5055057	0.439	0.481	0.1948	100.0	0	0	0.402	G:T	
614	rs2442408	5055939	0.424	0.478	0.0866	100.0	0	0	0.394	T:C	
615	rs16908907	5057550	0.205	0.219	0.4071	100.0	0	0	0.125	A:G	
616	rs2445271	5059064	0.417	0.447	0.3196	100.0	0	0	0.337	T:G	
617	rs74941984	5059297	0.049	0.048	1.0	100.0	0	0	0.025	G:A	
618	rs2445278	5064092	0.121	0.114	0.736	100.0	0	0	0.061	T:C	
619	rs1378736	5066087	0.417	0.463	0.1294	100.0	0	0	0.364	G:A	
620	rs74049446	5066907	0.068	0.066	1.0	100.0	0	0	0.034	A:G	
621	rs2500017	5068137	0.417	0.463	0.1294	100.0	0	0	0.364	A:G	
622	rs17350764	5068431	0.364	0.403	0.1401	100.0	0	0	0.28	G:A	
623	rs2500019	5068661	0.417	0.463	0.1294	100.0	0	0	0.364	G:A	
624	rs386750099	5068662	0.125	0.137	0.3117	100.0	0	0	0.074	C:T	
625	rs2500027	5069413	0.417	0.463	0.1294	100.0	0	0	0.364	C:A	
626	rs1463376	5071626	0.367	0.402	0.2059	100.0	0	0	0.278	C:T	
627	rs2500036	5072498	0.417	0.463	0.1294	100.0	0	0	0.364	A:G	
628	rs72873903	5073008	0.045	0.052	0.3243	100.0	0	0	0.027	G:A	
629	rs12574869	5073101	0.364	0.403	0.1401	100.0	0	0	0.28	A:G	
630	rs72873904	5073367	0.098	0.094	1.0	100.0	0	0	0.049	C:T	
631	rs1378747	5074011	0.367	0.402	0.2059	100.0	0	0	0.278	T:C	
632	rs115348303	5075046	0.068	0.066	1.0	100.0	0	0	0.034	T:C	
633	rs2500048	5077653	0.409	0.472	0.0379	100.0	0	0	0.383	A:G	
634	rs1455970	5078881	0.402	0.461	0.0477	100.0	0	0	0.36	G:A	
635	rs9804487	5078999	0.413	0.455	0.1598	100.0	0	0	0.35	G:A	
636	rs11035386	5079353	0.299	0.295	1.0	100.0	0	0	0.18	A:G	
637	rs2445332	5079946	0.121	0.114	0.736	100.0	0	0	0.061	T:C	
638	rs61995745	5079984	0.076	0.073	1.0	100.0	0	0	0.038	T:C	
639	rs2445333	5080234	0.447	0.497	0.1215	100.0	0	0	0.462	T:C	
640	rs114382179	5080418	0.068	0.066	1.0	100.0	0	0	0.034	C:T	
641	rs113958818	5080653	0.072	0.069	1.0	100.0	0	0	0.036	C:T	
642	rs116709433	5080771	0.076	0.087	0.1804	100.0	0	0	0.045	G:A	
643	rs115931877	5081253	0.049	0.048	1.0	100.0	0	0	0.025	C:T	
644	rs7109504	5081530	0.076	0.073	1.0	100.0	0	0	0.038	A:C	
645	rs7116353	5081942	0.322	0.365	0.0769	100.0	0	0	0.241	T:C	
646	rs1551487	5082425	0.186	0.193	0.716	100.0	0	0	0.108	G:A	
647	rs17351915	5084742	0.322	0.369	0.0552	100.0	0	0	0.244	T:G	
648	rs16909516	5085186	0.473	0.488	0.6986	100.0	0	0	0.422	T:C	
649	rs16909520	5085254	0.473	0.488	0.6986	100.0	0	0	0.422	C:T	
650	rs78268048	5085590	0.042	0.041	1.0	100.0	0	0	0.021	A:G	
651	rs2445308	5086520	0.072	0.09	0.0286	100.0	0	0	0.047	T:C	
652	rs6578548	5088494	0.106	0.1	0.9394	100.0	0	0	0.053	G:A	
653	rs1378742	5088772	0.36	0.395	0.1884	100.0	0	0	0.271	A:C	
654	rs2445311	5089017	0.424	0.447	0.4706	100.0	0	0	0.337	T:C	
655	rs10768533	5089436	0.394	0.416	0.4465	100.0	0	0	0.295	A:C	
656	rs1455965	5090181	0.42	0.481	0.0502	100.0	0	0	0.403	G:T	
657	rs1378743	5090742	0.398	0.49	0.0029	100.0	0	0	0.43	C:T	
658	rs936143	5091332	0.326	0.347	0.3904	100.0	0	0	0.223	C:T	
659	rs4144717	5091882	0.455	0.5	0.1658	100.0	0	0	0.496	A:G	
660	rs16909667	5092663	0.265	0.293	0.182	100.0	0	0	0.178	T:C	
661	rs113964817	5092848	0.11	0.124	0.1853	100.0	0	0	0.066	A:G	
662	rs12577999	5093640	0.045	0.044	1.0	100.0	0	0	0.023	T:G	
663	rs10837269	5095383	0.455	0.494	0.2336	100.0	0	0	0.443	G:A	
664	rs2445315	5095774	0.08	0.097	0.0451	100.0	0	0	0.051	C:A	
665	rs2500056	5096201	0.311	0.375	0.0093	100.0	0	0	0.25	G:T	
666	rs4144715	5096331	0.527	0.489	0.2766	100.0	0	0	0.426	A:G	
667	rs10768545	5096651	0.121	0.127	0.6794	100.0	0	0	0.068	G:A	
668	rs2445265	5098553	0.125	0.117	0.6885	100.0	0	0	0.062	A:G	
669	rs10768550	5098714	0.508	0.469	0.2354	100.0	0	0	0.375	C:T	
670	rs2500058	5102476	0.129	0.12	0.6426	100.0	0	0	0.064	C:T	
671	rs116221321	5104677	0.011	0.011	1.0	100.0	0	0	0.006	G:A	
672	rs10837299	5105194	0.485	0.499	0.7132	100.0	0	0	0.477	C:T	
673	rs79916622	5105999	0.045	0.044	1.0	100.0	0	0	0.023	A:G	
674	rs2500061	5106155	0.527	0.488	0.2589	100.0	0	0	0.422	A:C	
675	rs10500616	5109946	0.413	0.424	0.7529	100.0	0	0	0.305	A:C	
676	rs2499936	5110068	0.174	0.178	0.9457	100.0	0	0	0.098	G:A	
677	rs76813629	5112556	0.189	0.19	1.0	100.0	0	0	0.106	G:A	
678	rs1547449	5112875	0.364	0.375	0.7102	100.0	0	0	0.25	C:T	
679	rs114382991	5114549	0.106	0.107	1.0	100.0	0	0	0.057	T:C	
680	rs1466266	5115856	0.057	0.055	1.0	100.0	0	0	0.028	G:A	
681	rs12280713	5116109	0.473	0.46	0.7479	100.0	0	0	0.358	A:C	
682	rs11035648	5116955	0.273	0.307	0.1059	100.0	0	0	0.189	T:G	
683	rs10837319	5117159	0.542	0.499	0.2218	100.0	0	0	0.483	A:G	
684	rs2445287	5117603	0.5	0.469	0.3567	100.0	0	0	0.375	T:C	
685	rs10837328	5120790	0.477	0.465	0.7884	100.0	0	0	0.367	G:A	
686	rs74049487	5124007	0.114	0.134	0.0682	100.0	0	0	0.072	T:C	
687	rs74561056	5124558	0.152	0.153	1.0	100.0	0	0	0.083	T:G	
688	rs2445286	5124833	0.496	0.464	0.3312	100.0	0	0	0.366	A:C	
689	rs7350513	5125013	0.114	0.107	0.8353	100.0	0	0	0.057	T:C	
690	rs7951907	5125396	0.489	0.472	0.6697	100.0	0	0	0.381	C:A	
691	rs115168755	5125441	0.102	0.104	1.0	100.0	0	0	0.055	C:T	
692	rs74049491	5126309	0.072	0.083	0.1541	100.0	0	0	0.044	A:G	
693	rs1455958	5127177	0.413	0.418	0.9318	100.0	0	0	0.297	C:A	
694	rs2499945	5127510	0.159	0.159	1.0	100.0	0	0	0.087	C:T	
695	rs61734942	5127614	0.076	0.073	1.0	100.0	0	0	0.038	T:C	
696	rs1455959	5128411	0.496	0.475	0.5733	100.0	0	0	0.388	A:G	
697	rs11035710	5128490	0.167	0.165	1.0	100.0	0	0	0.091	T:C	
698	rs11035718	5130337	0.417	0.419	1.0	100.0	0	0	0.299	G:A	
699	rs12290395	5130537	0.201	0.227	0.11	100.0	0	0	0.131	C:A	
700	rs2445296	5132119	0.117	0.111	0.785	100.0	0	0	0.059	T:C	
701	rs10837368	5137846	0.538	0.5	0.2739	100.0	0	0	0.485	T:C	
702	rs7925958	5138247	0.284	0.328	0.0503	100.0	0	0	0.206	C:T	
703	rs4294557	5138733	0.174	0.171	1.0	100.0	0	0	0.095	C:T	
704	rs1349702307	5139620	0.542	0.493	0.1479	100.0	0	0	0.441	T:G	
705	rs115879415	5139751	0.03	0.03	1.0	100.0	0	0	0.015	T:C	
706	rs12274645	5139816	0.284	0.328	0.0503	100.0	0	0	0.206	G:A	
707	rs4512811	5140977	0.492	0.476	0.6864	100.0	0	0	0.39	T:C	
708	rs58155519	5141598	0.17	0.168	1.0	100.0	0	0	0.093	A:G	
709	rs11035760	5142134	0.492	0.476	0.6864	100.0	0	0	0.39	C:T	
710	rs78074092	5142150	0.042	0.041	1.0	100.0	0	0	0.021	G:T	
711	rs7947334	5142549	0.485	0.479	0.9724	100.0	0	0	0.398	T:C	
712	rs7944388	5142671	0.174	0.171	1.0	100.0	0	0	0.095	A:G	
713	rs7103864	5144407	0.492	0.474	0.6431	100.0	0	0	0.386	T:C	
714	rs12574190	5146740	0.508	0.469	0.2354	100.0	0	0	0.375	G:A	
715	rs12577357	5146869	0.5	0.456	0.1631	100.0	0	0	0.352	C:T	
716	rs76538611	5148336	0.136	0.159	0.0684	100.0	0	0	0.087	C:T	
717	rs2499948	5149332	0.129	0.127	1.0	100.0	0	0	0.068	C:T	
718	rs59398809	5150216	0.473	0.432	0.169	100.0	0	0	0.316	A:G	
719	rs7929591	5150372	0.458	0.438	0.5609	100.0	0	0	0.324	T:C	
720	rs74795499	5150965	0.189	0.171	0.1539	100.0	0	0	0.095	T:C	
721	rs72879626	5151422	0.273	0.273	1.0	100.0	0	0	0.163	A:G	
722	rs74051326	5152957	0.292	0.275	0.484	100.0	0	0	0.165	T:C	
723	rs74051331	5154689	0.068	0.066	1.0	100.0	0	0	0.034	T:C	
724	rs11826290	5157122	0.25	0.252	1.0	100.0	0	0	0.148	G:A	
725	rs11823101	5159503	0.428	0.432	0.9498	100.0	0	0	0.316	C:T	
726	rs2472528	5160096	0.447	0.419	0.3732	100.0	0	0	0.299	T:G	
727	rs558315937	5163613	0.246	0.249	0.9865	100.0	0	0	0.146	C:A	
728	rs2472523	5167125	0.08	0.083	0.7877	100.0	0	0	0.044	C:T	
729	rs7482505	5172398	0.489	0.494	0.9345	100.0	0	0	0.445	G:A	
730	rs112884296	5172691	0.072	0.069	1.0	100.0	0	0	0.036	G:A	
731	rs10768611	5172786	0.212	0.213	1.0	100.0	0	0	0.121	G:A	
732	rs7940626	5175477	0.352	0.361	0.7752	100.0	0	0	0.237	G:A	
733	rs77554982	5175842	0.121	0.114	0.736	100.0	0	0	0.061	G:A	
734	rs4910715	5176020	0.477	0.497	0.5778	100.0	0	0	0.462	G:T	
735	rs11036040	5187633	0.284	0.314	0.1704	100.0	0	0	0.195	T:C	
736	rs73396875	5187692	0.458	0.5	0.2104	100.0	0	0	0.487	T:C	
737	rs386750118	5187842	0.496	0.473	0.5322	100.0	0	0	0.384	T:C	
738	rs79018825	5188515	0.201	0.193	0.7831	100.0	0	0	0.108	G:A	
739	rs10734485	5188844	0.379	0.407	0.3177	100.0	0	0	0.284	C:T	
740	rs10742553	5188936	0.394	0.407	0.6889	100.0	0	0	0.284	C:T	
741	rs10734487	5190281	0.432	0.461	0.3586	100.0	0	0	0.36	T:G	
742	rs4910717	5190474	0.277	0.28	0.9494	100.0	0	0	0.169	T:C	
743	rs7481262	5192095	0.436	0.498	0.0519	100.0	0	0	0.468	G:A	
744	rs189324289	5192439	0.034	0.034	1.0	100.0	0	0	0.017	G:A	
745	rs4910539	5192729	0.371	0.419	0.0818	100.0	0	0	0.299	G:A	
746	rs73398611	5193282	0.489	0.464	0.4813	100.0	0	0	0.366	G:A	
747	rs10768634	5193410	0.443	0.405	0.1753	100.0	0	0	0.282	C:T	
748	rs73398618	5193569	0.489	0.464	0.4813	100.0	0	0	0.366	G:T	
749	rs78884386	5194408	0.345	0.319	0.2647	100.0	0	0	0.199	G:A	
750	rs79906388	5194546	0.345	0.319	0.2647	100.0	0	0	0.199	T:G	
751	rs7480988	5194582	0.208	0.216	0.7142	100.0	0	0	0.123	T:G	
752	rs78364558	5195320	0.341	0.321	0.4335	100.0	0	0	0.201	A:C	
753	rs75852802	5197408	0.136	0.127	0.5559	100.0	0	0	0.068	T:G	
754	rs75753947	5198235	0.436	0.418	0.6127	100.0	0	0	0.297	C:T	
755	rs7927539	5199208	0.436	0.47	0.2802	100.0	0	0	0.377	C:T	
756	rs6578560	5199645	0.36	0.373	0.6492	100.0	0	0	0.248	C:T	
757	rs115885016	5199901	0.072	0.069	1.0	100.0	0	0	0.036	A:G	
758	rs4910726	5200320	0.333	0.334	1.0	100.0	0	0	0.212	A:C	
759	rs7948698	5200346	0.481	0.498	0.6365	100.0	0	0	0.472	A:G	
760	rs7934373	5206294	0.492	0.494	1.0	100.0	0	0	0.447	C:T	
761	rs7945606	5206674	0.379	0.367	0.7672	100.0	0	0	0.242	C:T	
762	rs78129990	5206797	0.314	0.295	0.4146	100.0	0	0	0.18	A:G	
763	rs7939206	5208174	0.17	0.175	0.8904	100.0	0	0	0.097	A:G	
764	rs74370727	5208438	0.477	0.428	0.0885	100.0	0	0	0.311	G:A	
765	rs7928096	5209370	0.208	0.216	0.7142	100.0	0	0	0.123	A:G	
766	rs11602279	5209592	0.511	0.48	0.3635	100.0	0	0	0.4	A:G	
767	rs7117194	5210250	0.405	0.395	0.8194	100.0	0	0	0.271	G:A	
768	rs7929374	5210397	0.095	0.104	0.3504	100.0	0	0	0.055	T:G	
769	rs7483401	5212503	0.432	0.416	0.6747	100.0	0	0	0.295	T:C	
770	rs79219633	5213534	0.277	0.28	0.9494	100.0	0	0	0.169	G:A	
771	rs6578578	5213881	0.508	0.481	0.4514	100.0	0	0	0.402	C:A	
772	rs6578579	5214007	0.458	0.441	0.6313	100.0	0	0	0.328	G:A	
773	rs6578580	5214116	0.39	0.418	0.3353	100.0	0	0	0.297	T:C	
774	rs73398698	5214301	0.307	0.328	0.3769	100.0	0	0	0.206	C:T	
775	rs11603084	5214469	0.451	0.493	0.1927	100.0	0	0	0.441	T:C	
776	rs7105270	5214621	0.14	0.15	0.4769	100.0	0	0	0.081	T:C	
777	rs7482866	5214857	0.451	0.494	0.1839	100.0	0	0	0.445	G:A	
778	rs12805224	5216645	0.364	0.343	0.4424	100.0	0	0	0.22	T:C	
779	rs10742569	5216780	0.443	0.49	0.1431	100.0	0	0	0.43	G:A	
780	rs4910731	5216988	0.299	0.341	0.0722	100.0	0	0	0.218	T:C	
781	rs10837552	5217187	0.398	0.448	0.0859	100.0	0	0	0.339	G:T	
782	rs10837553	5217277	0.318	0.316	1.0	100.0	0	0	0.197	C:T	
783	rs77603203	5217309	0.208	0.249	0.0208	100.0	0	0	0.146	A:C	
784	rs76333004	5218366	0.148	0.156	0.5721	100.0	0	0	0.085	T:G	
785	rs6578582	5220001	0.28	0.293	0.5959	100.0	0	0	0.178	C:T	
786	rs74049321	5220549	0.117	0.117	1.0	100.0	0	0	0.062	C:T	
787	rs61735483	5221076	0.155	0.181	0.0652	100.0	0	0	0.1	A:G	
788	rs61736992	5221132	0.102	0.097	0.9929	100.0	0	0	0.051	G:A	
789	rs7933549	5221233	0.292	0.328	0.1089	100.0	0	0	0.206	G:A	
790	rs7933718	5221424	0.11	0.111	1.0	100.0	0	0	0.059	G:A	
791	rs76264075	5221717	0.03	0.03	1.0	100.0	0	0	0.015	G:A	
792	rs11036212	5221825	0.492	0.5	0.8783	100.0	0	0	0.496	G:A	
793	rs7938317	5222215	0.307	0.341	0.1462	100.0	0	0	0.218	T:C	
794	rs77032753	5223349	0.023	0.022	1.0	100.0	0	0	0.011	C:T	
795	rs9667878	5223750	0.307	0.341	0.1462	100.0	0	0	0.218	C:T	
796	rs77317778	5224525	0.034	0.034	1.0	100.0	0	0	0.017	A:G	
797	rs7933295	5224738	0.466	0.421	0.1149	100.0	0	0	0.301	A:G	
798	rs111681670	5225353	0.148	0.156	0.5721	100.0	0	0	0.085	C:T	
799	rs11036238	5225635	0.129	0.14	0.3495	100.0	0	0	0.076	G:C	
800	rs112129168	5225698	0.235	0.23	1.0	100.0	0	0	0.133	C:T	
801	rs12272759	5229010	0.167	0.159	0.7848	100.0	0	0	0.087	G:A	
802	rs7935470	5230302	0.47	0.481	0.7847	100.0	0	0	0.402	C:A	
803	rs7120391	5230907	0.205	0.252	0.0079	100.0	0	0	0.148	T:C	
804	rs12793110	5231565	0.269	0.254	0.5294	100.0	0	0	0.15	C:T	
805	rs10837593	5231897	0.341	0.307	0.1062	100.0	0	0	0.189	T:C	
806	rs6578584	5233697	0.428	0.5	0.025	100.0	0	0	0.487	C:T	
807	rs34220818	5236851	0.432	0.494	0.0494	100.0	0	0	0.447	C:T	
808	rs112912361	5236896	0.227	0.219	0.7864	100.0	0	0	0.125	C:T	
809	rs79681613	5236954	0.424	0.413	0.8051	100.0	0	0	0.292	T:C	
810	rs11822225	5237174	0.42	0.412	0.8727	100.0	0	0	0.29	A:G	
811	rs11824599	5244984	0.076	0.087	0.1804	100.0	0	0	0.045	C:T	
812	rs11036351	5246000	0.367	0.357	0.8115	100.0	0	0	0.233	C:T	
813	rs78928216	5246203	0.455	0.461	0.9057	100.0	0	0	0.36	A:C	
814	rs7110263	5246512	0.239	0.249	0.6153	100.0	0	0	0.146	G:T	
815	rs1415251911	5247141	0.231	0.233	1.0	100.0	0	0	0.134	A:G	
816	rs7946748	5247726	0.136	0.14	0.8946	100.0	0	0	0.076	G:A	
817	rs10742584	5248770	0.045	0.044	1.0	100.0	0	0	0.023	A:G	
818	rs11036364	5249004	0.398	0.384	0.7138	100.0	0	0	0.259	A:G	
819	rs1003586	5249370	0.352	0.365	0.6477	100.0	0	0	0.241	C:T	
820	rs112058282	5251042	0.061	0.059	1.0	100.0	0	0	0.03	A:G	
821	rs16911934	5251478	0.375	0.435	0.0335	100.0	0	0	0.32	T:C	
822	rs60636747	5253334	0.087	0.09	0.898	100.0	0	0	0.047	T:C	
823	rs11822199	5253799	0.189	0.184	0.944	100.0	0	0	0.102	G:A	
824	rs73400692	5254354	0.125	0.124	1.0	100.0	0	0	0.066	A:G	
825	rs7936253	5256930	0.386	0.416	0.2922	100.0	0	0	0.295	G:A	
826	rs16911998	5257700	0.333	0.359	0.2986	100.0	0	0	0.235	G:A	
827	rs4320977	5258162	0.333	0.33	1.0	100.0	0	0	0.208	A:G	
828	rs4402323	5258592	0.473	0.496	0.5148	100.0	0	0	0.456	T:C	
829	rs4910736	5258989	0.473	0.496	0.5148	100.0	0	0	0.456	A:C	
830	rs73402604	5259959	0.439	0.437	1.0	100.0	0	0	0.322	A:G	
831	rs111442465	5260830	0.03	0.03	1.0	100.0	0	0	0.015	A:C	
832	rs113323183	5261278	0.064	0.062	1.0	100.0	0	0	0.032	A:C	
833	rs10488678	5261374	0.439	0.437	1.0	100.0	0	0	0.322	G:A	
834	rs11036415	5262782	0.299	0.332	0.1508	100.0	0	0	0.21	C:A	
835	rs75244171	5262990	0.023	0.022	1.0	100.0	0	0	0.011	C:T	
836	rs61729466	5263449	0.045	0.044	1.0	100.0	0	0	0.023	A:G	
837	rs16912210	5263853	0.159	0.159	1.0	100.0	0	0	0.087	A:G	
838	rs111864521	5267007	0.034	0.034	1.0	100.0	0	0	0.017	A:G	
839	rs10488676	5268797	0.341	0.321	0.4335	100.0	0	0	0.201	G:A	
840	rs2855039	5271671	0.197	0.219	0.1794	100.0	0	0	0.125	C:T	
841	rs73402631	5273060	0.326	0.347	0.3904	100.0	0	0	0.223	G:C	
842	rs10768707	5273922	0.144	0.134	0.4764	100.0	0	0	0.072	C:T	
843	rs11036475	5275240	0.348	0.359	0.7134	100.0	0	0	0.235	G:A	
844	rs11036476	5275343	0.367	0.353	0.6664	100.0	0	0	0.229	C:T	
845	rs112161036	5276929	0.011	0.011	1.0	100.0	0	0	0.006	G:A	
846	rs2855122	5277236	0.455	0.447	0.9179	100.0	0	0	0.337	T:C	
847	rs5010979	5279153	0.193	0.187	0.8895	100.0	0	0	0.104	C:T	
848	rs73402654	5281315	0.326	0.347	0.3904	100.0	0	0	0.223	T:G	
849	rs10768733	5287156	0.144	0.134	0.4764	100.0	0	0	0.072	T:C	
850	rs4910740	5287290	0.436	0.466	0.3397	100.0	0	0	0.369	G:A	
851	rs59733060	5289670	0.303	0.321	0.4493	100.0	0	0	0.201	A:G	
852	rs79950458	5290557	0.053	0.052	1.0	100.0	0	0	0.027	G:A	
853	rs73402671	5290971	0.083	0.087	0.843	100.0	0	0	0.045	T:C	
854	rs111330211	5291088	0.011	0.011	1.0	100.0	0	0	0.006	G:A	
855	rs3759071	5291532	0.489	0.487	1.0	100.0	0	0	0.419	G:A	
856	rs113525557	5292385	0.072	0.069	1.0	100.0	0	0	0.036	C:T	
857	rs7935971	5292823	0.277	0.265	0.6782	100.0	0	0	0.157	G:A	
858	rs7479652	5293113	0.47	0.493	0.5067	100.0	0	0	0.439	C:T	
859	rs58759183	5293127	0.311	0.343	0.1708	100.0	0	0	0.22	T:G	
860	rs4910548	5294401	0.348	0.347	1.0	100.0	0	0	0.223	T:C	
861	rs6578595	5295178	0.053	0.052	1.0	100.0	0	0	0.027	G:A	
862	rs2187607	5296732	0.318	0.367	0.045	100.0	0	0	0.242	G:A	
863	rs73402692	5297475	0.288	0.339	0.0261	100.0	0	0	0.216	A:G	
864	rs78233648	5299283	0.11	0.104	0.8868	100.0	0	0	0.055	G:A	
865	rs73404506	5301077	0.284	0.309	0.2469	100.0	0	0	0.191	A:G	
866	rs2213169	5303063	0.284	0.309	0.2469	100.0	0	0	0.191	G:A	
867	rs111565479	5304648	0.083	0.08	1.0	100.0	0	0	0.042	A:G	
868	rs11036634	5308728	0.144	0.165	0.0969	100.0	0	0	0.091	C:T	
869	rs16912979	5309695	0.519	0.5	0.6426	100.0	0	0	0.494	C:T	
870	rs4910743	5310150	0.144	0.165	0.0969	100.0	0	0	0.091	T:C	
871	rs11036641	5310578	0.201	0.21	0.6085	100.0	0	0	0.119	A:G	
872	rs4601817	5312401	0.405	0.435	0.313	100.0	0	0	0.32	A:G	
873	rs79959176	5314207	0.015	0.015	1.0	100.0	0	0	0.008	C:T	
874	rs72872557	5314359	0.227	0.23	0.9953	100.0	0	0	0.133	T:C	
875	rs7933315	5316273	0.254	0.249	1.0	100.0	0	0	0.146	C:T	
876	rs112819800	5316747	0.072	0.076	0.6779	100.0	0	0	0.04	G:A	
877	rs10837767	5317553	0.519	0.495	0.523	100.0	0	0	0.449	G:T	
878	rs3863292	5318677	0.402	0.393	0.8852	100.0	0	0	0.269	C:T	
879	rs6578598	5319208	0.489	0.477	0.8061	100.0	0	0	0.392	A:G	
880	rs112362514	5319912	0.087	0.09	0.898	100.0	0	0	0.047	C:A	
881	rs11036672	5319916	0.178	0.187	0.6112	100.0	0	0	0.104	G:A	
882	rs73404549	5320654	0.14	0.137	1.0	100.0	0	0	0.074	C:T	
883	rs386750134	5321686	0.083	0.08	1.0	100.0	0	0	0.042	A:G	
884	rs12270279	5322101	0.227	0.219	0.7864	100.0	0	0	0.125	C:T	
885	rs12283334	5322520	0.22	0.207	0.5408	100.0	0	0	0.117	G:A	
886	rs62000994	5322624	0.299	0.295	1.0	100.0	0	0	0.18	C:T	
887	rs10837771	5322737	0.178	0.187	0.6112	100.0	0	0	0.104	A:G	
888	rs7118113	5323071	0.458	0.477	0.5966	100.0	0	0	0.392	C:T	
889	rs61739194	5323161	0.299	0.3	1.0	100.0	0	0	0.184	T:C	
890	rs72886289	5323534	0.22	0.207	0.5408	100.0	0	0	0.117	C:T	
891	rs73404550	5323594	0.398	0.391	0.9518	100.0	0	0	0.267	T:G	
892	rs74049378	5323981	0.027	0.026	1.0	100.0	0	0	0.013	G:A	
893	rs10742615	5324977	0.182	0.201	0.1978	100.0	0	0	0.114	T:G	
894	rs11036683	5325005	0.186	0.175	0.5483	100.0	0	0	0.097	A:C	
895	rs1338069465	5326337	0.553	0.494	0.0756	100.0	0	0	0.447	A:G	
896	rs3899123	5326584	0.117	0.111	0.785	100.0	0	0	0.059	T:C	
897	rs72886292	5326644	0.144	0.153	0.5236	100.0	0	0	0.083	G:A	
898	rs7479237	5327480	0.28	0.288	0.7889	100.0	0	0	0.174	T:G	
899	rs11036710	5327757	0.201	0.216	0.3657	100.0	0	0	0.123	A:C	
900	rs35144837	5327956	0.314	0.3	0.5968	100.0	0	0	0.184	A:G	
901	rs3898917	5328361	0.405	0.361	0.0686	100.0	0	0	0.237	C:A	
902	rs7946626	5328412	0.28	0.268	0.6267	100.0	0	0	0.159	A:G	
903	rs10082566	5328707	0.322	0.341	0.4501	100.0	0	0	0.218	C:T	
904	rs77710404	5329159	0.197	0.201	0.8811	100.0	0	0	0.114	C:A	
905	rs11036729	5329871	0.364	0.371	0.8341	100.0	0	0	0.246	C:T	
906	rs7482918	5330118	0.352	0.361	0.7752	100.0	0	0	0.237	A:G	
907	rs12275342	5330225	0.314	0.336	0.3586	100.0	0	0	0.214	C:G	
908	rs12288331	5330535	0.239	0.238	1.0	100.0	0	0	0.138	G:C	
909	rs10082660	5330618	0.352	0.361	0.7752	100.0	0	0	0.237	A:G	
910	rs11036742	5331522	0.117	0.111	0.785	100.0	0	0	0.059	A:G	
911	rs7926089	5332443	0.356	0.363	0.8384	100.0	0	0	0.239	A:G	
912	rs7930548	5333124	0.364	0.371	0.8341	100.0	0	0	0.246	T:C	
913	rs74918271	5333589	0.246	0.265	0.3381	100.0	0	0	0.157	T:G	
914	rs11036766	5335943	0.458	0.499	0.2129	100.0	0	0	0.483	C:T	
915	rs7942925	5336475	0.432	0.456	0.4401	100.0	0	0	0.352	C:T	
916	rs7935554	5336998	0.473	0.499	0.4521	100.0	0	0	0.483	T:C	
917	rs7118086	5338211	0.496	0.494	1.0	100.0	0	0	0.445	T:C	
918	rs2736567	5338759	0.08	0.076	1.0	100.0	0	0	0.04	C:T	
919	rs4910748	5341509	0.299	0.285	0.5984	100.0	0	0	0.172	A:G	
920	rs77311317	5342913	0.019	0.019	1.0	100.0	0	0	0.009	A:G	
921	rs11036801	5343211	0.201	0.244	0.0132	100.0	0	0	0.142	C:T	
922	rs4910749	5343533	0.42	0.43	0.8077	100.0	0	0	0.312	A:G	
923	rs3886223	5343747	0.5	0.497	1.0	100.0	0	0	0.462	G:T	
924	rs4433594	5344159	0.367	0.361	0.9568	100.0	0	0	0.237	G:A	
925	rs7934005	5344499	0.367	0.361	0.9568	100.0	0	0	0.237	T:C	
926	rs7934105	5344552	0.367	0.361	0.9568	100.0	0	0	0.237	T:C	
927	rs386750139	5344561	0.36	0.365	0.9026	100.0	0	0	0.241	A:G	
928	rs11036815	5344681	0.417	0.425	0.8217	100.0	0	0	0.307	G:A	
929	rs10742622	5344772	0.367	0.361	0.9568	100.0	0	0	0.237	C:T	
930	rs10768793	5344847	0.367	0.361	0.9568	100.0	0	0	0.237	G:A	
931	rs7937237	5344902	0.367	0.361	0.9568	100.0	0	0	0.237	G:C	
932	rs10837814	5345128	0.398	0.415	0.5779	100.0	0	0	0.294	G:A	
933	rs7952293	5345170	0.36	0.357	1.0	100.0	0	0	0.233	G:A	
934	rs4910750	5345486	0.36	0.357	1.0	100.0	0	0	0.233	A:G	
935	rs4910751	5346183	0.083	0.08	1.0	100.0	0	0	0.042	G:A	
936	rs2723382	5347450	0.409	0.422	0.6861	100.0	0	0	0.303	G:A	
937	rs75562114	5347691	0.258	0.246	0.6753	100.0	0	0	0.144	G:T	
938	rs10768799	5349881	0.417	0.428	0.7388	100.0	0	0	0.311	G:T	
939	rs4134043	5350204	0.409	0.422	0.6861	100.0	0	0	0.303	T:C	
940	rs57254266	5352458	0.511	0.497	0.7632	100.0	0	0	0.464	A:G	
941	rs11036868	5352500	0.174	0.178	0.9457	100.0	0	0	0.098	C:T	
942	rs75015466	5352508	0.375	0.391	0.5716	100.0	0	0	0.267	G:A	
943	rs61891977	5352582	0.023	0.022	1.0	100.0	0	0	0.011	G:A	
944	rs11036870	5352806	0.439	0.416	0.4723	100.0	0	0	0.295	C:T	
945	rs76876064	5354267	0.174	0.19	0.3008	100.0	0	0	0.106	A:G	
946	rs78930059	5354680	0.288	0.273	0.5295	100.0	0	0	0.163	G:T	
947	rs115589289	5356355	0.095	0.09	1.0	100.0	0	0	0.047	G:T	
948	rs11036885	5357048	0.068	0.066	1.0	100.0	0	0	0.034	T:G	
949	rs4269953	5357881	0.394	0.367	0.3264	100.0	0	0	0.242	C:T	
950	rs6578608	5360191	0.11	0.117	0.528	100.0	0	0	0.062	T:C	
951	rs10837853	5360615	0.292	0.275	0.484	100.0	0	0	0.165	G:A	
952	rs12294352	5361272	0.451	0.448	1.0	100.0	0	0	0.339	C:A	
953	rs4910551	5364276	0.375	0.369	0.9676	100.0	0	0	0.244	G:A	
954	rs58233587	5364431	0.451	0.453	1.0	100.0	0	0	0.347	G:A	
955	rs11036912	5364450	0.375	0.369	0.9676	100.0	0	0	0.244	A:G	
956	rs762662467	5364742	0.193	0.187	0.8895	100.0	0	0	0.104	C:T	
957	rs76765975	5364980	0.246	0.238	0.8357	100.0	0	0	0.138	A:C	
958	rs4326830	5365428	0.439	0.439	1.0	100.0	0	0	0.326	T:C	
959	rs5017236	5366319	0.136	0.14	0.8946	100.0	0	0	0.076	A:C	
960	rs11036924	5366991	0.155	0.162	0.674	100.0	0	0	0.089	C:T	
961	rs7929631	5367976	0.451	0.441	0.8421	100.0	0	0	0.328	T:G	
962	rs6578610	5369623	0.299	0.28	0.4	100.0	0	0	0.169	C:T	
963	rs6578611	5369776	0.341	0.33	0.7583	100.0	0	0	0.208	C:T	
964	rs7123112	5369851	0.254	0.249	1.0	100.0	0	0	0.146	G:A	
965	rs79691993	5370099	0.023	0.022	1.0	100.0	0	0	0.011	T:C	
966	rs10837877	5370270	0.458	0.473	0.6767	100.0	0	0	0.384	G:A	
967	rs4439540	5372147	0.375	0.377	1.0	100.0	0	0	0.252	A:G	
968	rs4301813	5372189	0.269	0.26	0.7859	100.0	0	0	0.153	G:T	
969	rs4491259	5372227	0.015	0.015	1.0	100.0	0	0	0.008	T:C	
970	rs4910755	5372751	0.375	0.377	1.0	100.0	0	0	0.252	A:C	
971	rs4910756	5372856	0.269	0.265	1.0	100.0	0	0	0.157	A:G	
972	rs7483122	5373006	0.375	0.377	1.0	100.0	0	0	0.252	T:C	
973	rs77989044	5373095	0.345	0.353	0.7881	100.0	0	0	0.229	T:C	
974	rs5006887	5373129	0.375	0.377	1.0	100.0	0	0	0.252	C:T	
975	rs5006886	5373170	0.375	0.377	1.0	100.0	0	0	0.252	C:G	
976	rs5006885	5373242	0.413	0.395	0.587	100.0	0	0	0.271	T:G	
977	rs115333544	5373309	0.167	0.171	0.8353	100.0	0	0	0.095	C:A	
978	rs1156905443	5373311	0.246	0.29	0.0279	100.0	0	0	0.176	T:C	
979	rs5006882	5373334	0.375	0.377	1.0	100.0	0	0	0.252	A:G	
980	rs7106330	5373497	0.027	0.026	1.0	100.0	0	0	0.013	G:C	
981	rs5024042	5373562	0.375	0.377	1.0	100.0	0	0	0.252	C:A	
982	rs116764016	5373575	0.045	0.052	0.3243	100.0	0	0	0.027	C:T	
983	rs75565553	5373644	0.027	0.026	1.0	100.0	0	0	0.013	C:T	
984	rs5024041	5373646	0.47	0.495	0.4577	100.0	0	0	0.451	C:T	
985	rs4494328	5374355	0.269	0.26	0.7859	100.0	0	0	0.153	T:G	
986	rs115568951	5374392	0.042	0.041	1.0	100.0	0	0	0.021	G:A	
987	rs4492850	5374857	0.064	0.062	1.0	100.0	0	0	0.032	C:T	
988	rs112416732	5382531	0.167	0.153	0.2831	100.0	0	0	0.083	G:T	
989	rs17270517	5382834	0.504	0.464	0.2151	100.0	0	0	0.366	G:A	
990	rs79793436	5383712	0.163	0.175	0.4222	100.0	0	0	0.097	A:G	
991	rs17270818	5384070	0.436	0.405	0.2971	100.0	0	0	0.282	C:A	
992	rs2467233	5385120	0.045	0.044	1.0	100.0	0	0	0.023	C:A	
993	rs114267589	5385505	0.061	0.066	0.518	100.0	0	0	0.034	C:T	
994	rs11601176	5385778	0.023	0.022	1.0	100.0	0	0	0.011	A:G	
995	rs2647608	5385932	0.25	0.257	0.7802	100.0	0	0	0.152	T:C	
996	rs10500635	5386668	0.379	0.382	0.9691	100.0	0	0	0.258	G:A	
997	rs7113385	5387430	0.045	0.044	1.0	100.0	0	0	0.023	G:A	
998	rs11601662	5388488	0.023	0.022	1.0	100.0	0	0	0.011	G:A	
999	rs12360876	5389950	0.333	0.321	0.6985	100.0	0	0	0.201	A:C	
1000	rs115077232	5391139	0.034	0.034	1.0	100.0	0	0	0.017	C:T	
1001	rs2723379	5393331	0.492	0.49	1.0	100.0	0	0	0.428	T:C	
1002	rs7482183	5394250	0.042	0.041	1.0	100.0	0	0	0.021	A:G	
1003	rs2736549	5394480	0.432	0.379	0.0319	100.0	0	0	0.254	C:T	
1004	rs2723373	5402554	0.515	0.496	0.6334	100.0	0	0	0.455	A:C	
1005	rs2736542	5402657	0.443	0.435	0.9063	100.0	0	0	0.32	G:A	
1006	rs2647549	5404060	0.42	0.451	0.3261	100.0	0	0	0.343	A:C	
1007	rs386750153	5404333	0.386	0.437	0.0797	100.0	0	0	0.322	T:C	
1008	rs11037129	5404735	0.053	0.059	0.4176	100.0	0	0	0.03	G:A	
1009	rs114907787	5407596	0.057	0.055	1.0	100.0	0	0	0.028	T:C	
1010	rs7116471	5407852	0.383	0.405	0.4306	100.0	0	0	0.282	T:C	
1011	rs2736533	5410103	0.496	0.485	0.8409	100.0	0	0	0.415	G:A	
1012	rs74788140	5410676	0.106	0.114	0.4806	100.0	0	0	0.061	C:A	
1013	rs1498467	5410934	0.42	0.421	1.0	100.0	0	0	0.301	G:T	
1014	rs74683499	5411028	0.144	0.134	0.4764	100.0	0	0	0.072	C:T	
1015	rs114517600	5411122	0.129	0.12	0.6426	100.0	0	0	0.064	C:T	
1016	rs1498469	5411239	0.352	0.361	0.7752	100.0	0	0	0.237	C:T	
1017	rs2736531	5411398	0.402	0.439	0.1983	100.0	0	0	0.326	T:G	
1018	rs369353765	5411580	0.352	0.361	0.7752	100.0	0	0	0.237	C:T	
1019	rs76545626	5412124	0.129	0.12	0.6426	100.0	0	0	0.064	A:G	
1020	rs16930388	5412385	0.129	0.12	0.6426	100.0	0	0	0.064	T:C	
1021	rs114902465	5412450	0.053	0.052	1.0	100.0	0	0	0.027	C:T	
1022	rs11037194	5412591	0.167	0.171	0.8353	100.0	0	0	0.095	T:C	
1023	rs115744188	5412766	0.083	0.08	1.0	100.0	0	0	0.042	T:C	
1024	rs2340324	5413551	0.352	0.361	0.7752	100.0	0	0	0.237	T:C	
1025	rs12277805	5414735	0.193	0.21	0.2907	100.0	0	0	0.119	G:A	
1026	rs6421051	5415479	0.117	0.124	0.6276	100.0	0	0	0.066	G:A	
1027	rs75767341	5415581	0.133	0.15	0.1567	100.0	0	0	0.081	T:G	
1028	rs78650791	5416842	0.091	0.087	1.0	100.0	0	0	0.045	A:G	
1029	rs951747	5417034	0.394	0.413	0.5189	100.0	0	0	0.292	A:G	
1030	rs4432053	5419559	0.106	0.107	1.0	100.0	0	0	0.057	G:A	
1031	rs6578634	5420909	0.159	0.171	0.3803	100.0	0	0	0.095	T:G	
1032	rs1339900242	5421474	0.159	0.171	0.3803	100.0	0	0	0.095	A:G	
1033	rs2647590	5421930	0.447	0.454	0.8775	100.0	0	0	0.348	G:A	
1034	rs10838005	5422198	0.106	0.107	1.0	100.0	0	0	0.057	A:G	
1035	rs2647586	5422673	0.413	0.478	0.0337	100.0	0	0	0.396	C:T	
1036	rs1004772780	5423258	0.47	0.494	0.4889	100.0	0	0	0.443	T:C	
1037	rs1909262	5424050	0.398	0.43	0.2728	100.0	0	0	0.312	G:A	
1038	rs114153238	5424320	0.053	0.059	0.4176	100.0	0	0	0.03	C:T	
1039	rs114444349	5427076	0.08	0.083	0.7877	100.0	0	0	0.044	A:G	
1040	rs114001026	5427657	0.277	0.244	0.0355	100.0	0	0	0.142	T:G	
1041	rs975115	5430603	0.489	0.5	0.786	100.0	0	0	0.491	G:T	
1042	rs975114	5430899	0.288	0.298	0.7069	100.0	0	0	0.182	T:C	
1043	rs79412790	5430910	0.182	0.19	0.6629	100.0	0	0	0.106	T:C	
1044	rs111314218	5431443	0.212	0.219	0.7691	100.0	0	0	0.125	G:T	
1045	rs1566273	5431986	0.288	0.298	0.7069	100.0	0	0	0.182	A:G	
1046	rs10838051	5432294	0.106	0.107	1.0	100.0	0	0	0.057	T:G	
1047	rs2647579	5440287	0.186	0.187	1.0	100.0	0	0	0.104	A:G	
1048	rs10768949	5442985	0.144	0.14	1.0	100.0	0	0	0.076	A:G	
1049	rs10768950	5443190	0.144	0.14	1.0	100.0	0	0	0.076	T:C	
1050	rs2736590	5443442	0.417	0.442	0.4112	100.0	0	0	0.33	G:C	
1051	rs2736588	5443700	0.367	0.395	0.3125	100.0	0	0	0.271	C:T	
1052	rs2736587	5443739	0.367	0.395	0.3125	100.0	0	0	0.271	T:C	
1053	rs10838092	5443867	0.367	0.395	0.3125	100.0	0	0	0.271	C:T	
1054	rs10838093	5443887	0.367	0.395	0.3125	100.0	0	0	0.271	T:C	
1055	rs10838094	5443893	0.367	0.395	0.3125	100.0	0	0	0.271	G:A	
1056	rs1390636652	5443963	0.367	0.395	0.3125	100.0	0	0	0.271	G:A	
1057	rs58283839	5443969	0.038	0.037	1.0	100.0	0	0	0.019	A:C	
1058	rs2736586	5444061	0.367	0.395	0.3125	100.0	0	0	0.271	G:A	
1059	rs114244135	5444086	0.049	0.048	1.0	100.0	0	0	0.025	C:T	
1060	rs2647574	5444136	0.367	0.395	0.3125	100.0	0	0	0.271	C:T	
1061	rs2647573	5444353	0.367	0.395	0.3125	100.0	0	0	0.271	T:C	
1062	rs114575857	5444405	0.034	0.034	1.0	100.0	0	0	0.017	A:G	
1063	rs7939718	5446346	0.489	0.483	0.9701	100.0	0	0	0.407	G:A	
1064	rs1472453	5446474	0.489	0.483	0.9701	100.0	0	0	0.407	A:G	
1065	rs2736582	5447858	0.227	0.23	0.9953	100.0	0	0	0.133	G:A	
1066	rs7948082	5447883	0.47	0.471	1.0	100.0	0	0	0.379	C:A	
1067	rs2736581	5448048	0.492	0.494	1.0	100.0	0	0	0.443	G:A	
1068	rs11037417	5448543	0.375	0.349	0.3184	100.0	0	0	0.225	G:A	
1069	rs75506846	5449752	0.409	0.386	0.4393	100.0	0	0	0.261	G:A	
1070	rs1353735	5451197	0.045	0.044	1.0	100.0	0	0	0.023	G:A	
1071	rs2340653	5451761	0.489	0.496	0.8945	100.0	0	0	0.453	A:G	
1072	rs1498474	5451875	0.023	0.022	1.0	100.0	0	0	0.011	G:A	
1073	rs74818886	5451989	0.174	0.178	0.9457	100.0	0	0	0.098	C:T	
1074	rs11037433	5454472	0.167	0.184	0.2349	100.0	0	0	0.102	G:A	
1075	rs75509781	5454599	0.114	0.107	0.8353	100.0	0	0	0.057	C:A	
1076	rs1391619	5455929	0.386	0.382	1.0	100.0	0	0	0.258	A:G	
1077	rs1320341316	5456221	0.174	0.184	0.561	100.0	0	0	0.102	T:G	
1078	rs115201751	5457380	0.038	0.037	1.0	100.0	0	0	0.019	T:C	
1079	rs986772	5457598	0.205	0.201	1.0	100.0	0	0	0.114	A:G	
1080	rs10838102	5457631	0.409	0.413	0.9585	100.0	0	0	0.292	T:C	
1081	rs10838107	5461263	0.367	0.369	1.0	100.0	0	0	0.244	C:T	
1082	rs77336780	5461834	0.261	0.238	0.182	100.0	0	0	0.138	C:G	
1083	rs61737027	5461963	0.053	0.052	1.0	100.0	0	0	0.027	G:A	
1084	rs1498486	5461991	0.17	0.187	0.2666	100.0	0	0	0.104	C:A	
1085	rs11037444	5462085	0.189	0.178	0.5061	100.0	0	0	0.098	G:A	
1086	rs114245652	5462355	0.102	0.104	1.0	100.0	0	0	0.055	A:G	
1087	rs78615247	5462725	0.08	0.083	0.7877	100.0	0	0	0.044	G:T	
1088	rs1498487	5462905	0.189	0.19	1.0	100.0	0	0	0.106	T:C	
1089	rs4910793	5463061	0.057	0.055	1.0	100.0	0	0	0.028	T:C	
1090	rs16931041	5463425	0.133	0.13	1.0	100.0	0	0	0.07	T:C	
1091	rs16931046	5463921	0.083	0.087	0.843	100.0	0	0	0.045	T:G	
1092	rs76313173	5465489	0.019	0.019	1.0	100.0	0	0	0.009	C:T	
1093	rs79599534	5465785	0.261	0.238	0.182	100.0	0	0	0.138	G:A	
1094	rs2133233	5466043	0.17	0.175	0.8904	100.0	0	0	0.097	C:T	
1095	rs2133235	5466776	0.477	0.478	1.0	100.0	0	0	0.394	T:G	
1096	rs7118881	5467674	0.053	0.052	1.0	100.0	0	0	0.027	A:G	
1097	rs74850665	5468401	0.061	0.059	1.0	100.0	0	0	0.03	C:T	
1098	rs74993306	5468974	0.322	0.305	0.499	100.0	0	0	0.188	G:T	
1099	rs16931158	5469493	0.386	0.363	0.4098	100.0	0	0	0.239	T:C	
1100	rs10500641	5469576	0.367	0.369	1.0	100.0	0	0	0.244	T:C	
1101	rs4910794	5469801	0.114	0.107	0.8353	100.0	0	0	0.057	A:G	
1102	rs16931173	5469959	0.394	0.371	0.4262	100.0	0	0	0.246	A:C	
1103	rs956471	5470716	0.152	0.165	0.3038	100.0	0	0	0.091	G:A	
1104	rs4094102	5470990	0.027	0.026	1.0	100.0	0	0	0.013	A:G	
1105	rs75576288	5471026	0.057	0.055	1.0	100.0	0	0	0.028	C:A	
1106	rs7948471	5471746	0.451	0.477	0.4312	100.0	0	0	0.392	G:A	
1107	rs74997252	5472021	0.098	0.1	1.0	100.0	0	0	0.053	C:T	
1108	rs12420260	5473418	0.045	0.044	1.0	100.0	0	0	0.023	A:G	
1109	rs10838135	5473913	0.023	0.022	1.0	100.0	0	0	0.011	G:A	
1110	rs2030090	5474093	0.455	0.428	0.4113	100.0	0	0	0.311	G:A	
1111	rs7128998	5474350	0.106	0.1	0.9394	100.0	0	0	0.053	T:C	
1112	rs2030094	5474838	0.458	0.477	0.5966	100.0	0	0	0.392	G:T	
1113	rs74049540	5474894	0.383	0.361	0.4559	100.0	0	0	0.237	T:C	
1114	rs10450603	5475082	0.307	0.305	1.0	100.0	0	0	0.188	C:T	
1115	rs12577167	5475118	0.083	0.1	0.0556	100.0	0	0	0.053	A:G	
1116	rs11037502	5475506	0.163	0.156	0.8364	100.0	0	0	0.085	G:A	
1117	rs11037503	5475597	0.053	0.059	0.4176	100.0	0	0	0.03	C:T	
1118	rs11037506	5475759	0.394	0.407	0.6889	100.0	0	0	0.284	G:T	
1119	rs2736578	5477390	0.239	0.29	0.0098	100.0	0	0	0.176	G:A	
1120	rs74049544	5477627	0.098	0.094	1.0	100.0	0	0	0.049	G:A	
1121	rs12289566	5479480	0.33	0.328	1.0	100.0	0	0	0.206	T:C	
1122	rs115193605	5479646	0.223	0.21	0.4976	100.0	0	0	0.119	G:A	
1123	rs1603776	5479891	0.023	0.022	1.0	100.0	0	0	0.011	A:C	
1124	rs11037542	5480444	0.095	0.104	0.3504	100.0	0	0	0.055	A:G	
1125	rs7943179	5482283	0.136	0.134	1.0	100.0	0	0	0.072	C:T	
1126	rs1357256543	5483133	0.314	0.3	0.5968	100.0	0	0	0.184	C:T	
1127	rs1498482	5483235	0.023	0.022	1.0	100.0	0	0	0.011	A:G	
1128	rs12270900	5484128	0.367	0.345	0.3983	100.0	0	0	0.222	A:G	
1129	rs1498481	5484136	0.436	0.443	0.8613	100.0	0	0	0.331	C:T	
1130	rs78333847	5484877	0.114	0.107	0.8353	100.0	0	0	0.057	G:A	
1131	rs113636533	5485054	0.083	0.087	0.843	100.0	0	0	0.045	A:C	
1132	rs7122858	5485173	0.152	0.146	0.9964	100.0	0	0	0.08	T:C	
1133	rs2647593	5487596	0.42	0.473	0.0865	100.0	0	0	0.384	A:G	
1134	rs12576842	5488533	0.102	0.117	0.1371	100.0	0	0	0.062	C:T	
1135	rs114449120	5488720	0.042	0.041	1.0	100.0	0	0	0.021	C:T	
1136	rs454465	5488840	0.496	0.5	0.9756	100.0	0	0	0.498	C:T	
1137	rs1433566	5489062	0.114	0.12	0.5771	100.0	0	0	0.064	C:T	
1138	rs11037596	5489195	0.023	0.03	0.1047	100.0	0	0	0.015	T:G	
1139	rs80097727	5489564	0.227	0.246	0.2941	100.0	0	0	0.144	T:C	
1140	rs2736569	5490077	0.205	0.207	0.9934	100.0	0	0	0.117	A:C	
1141	rs449937	5490345	0.473	0.453	0.5699	100.0	0	0	0.347	A:G	
1142	rs61741554	5490472	0.064	0.062	1.0	100.0	0	0	0.032	T:C	
1143	rs2467218	5490860	0.394	0.393	1.0	100.0	0	0	0.269	G:A	
1144	rs7106927	5491183	0.424	0.456	0.2982	100.0	0	0	0.352	C:A	
1145	rs7106553	5491568	0.439	0.471	0.3275	100.0	0	0	0.379	G:A	
1146	rs7127079	5492267	0.326	0.312	0.6278	100.0	0	0	0.193	A:C	
1147	rs425610	5493370	0.186	0.187	1.0	100.0	0	0	0.104	G:A	
1148	rs416586	5493557	0.504	0.49	0.7686	100.0	0	0	0.43	A:G	
1149	rs451711	5494423	0.295	0.273	0.2651	100.0	0	0	0.163	G:A	
1150	rs10838178	5495964	0.061	0.066	0.518	100.0	0	0	0.034	G:C	
1151	rs438996	5496318	0.504	0.496	0.9077	100.0	0	0	0.453	T:C	
1152	rs116387316	5496325	0.152	0.153	1.0	100.0	0	0	0.083	G:A	
1153	rs2647543	5496811	0.424	0.39	0.2068	100.0	0	0	0.265	A:C	
1154	rs58932839	5497107	0.019	0.019	1.0	100.0	0	0	0.009	T:C	
1155	rs17297624	5497143	0.182	0.171	0.5923	100.0	0	0	0.095	T:G	
1156	rs364784	5498142	0.386	0.393	0.8659	100.0	0	0	0.269	A:G	
1157	rs7106115	5498515	0.114	0.114	1.0	100.0	0	0	0.061	G:T	
1158	rs72881227	5498649	0.08	0.083	0.7877	100.0	0	0	0.044	G:C	
1159	rs12283559	5505149	0.413	0.408	1.0	100.0	0	0	0.286	C:T	
1160	rs77094111	5505721	0.152	0.178	0.0541	100.0	0	0	0.098	C:A	
1161	rs2244431	5506470	0.189	0.171	0.1539	100.0	0	0	0.095	A:G	
1162	rs1368691	5508477	0.227	0.213	0.4565	100.0	0	0	0.121	A:G	
1163	rs418003	5509038	0.223	0.222	1.0	100.0	0	0	0.127	C:T	
1164	rs114302667	5509056	0.038	0.037	1.0	100.0	0	0	0.019	T:G	
1165	rs12577059	5509689	0.14	0.15	0.4769	100.0	0	0	0.081	T:C	
1166	rs116044236	5509732	0.072	0.069	1.0	100.0	0	0	0.036	A:G	
1167	rs417425	5510284	0.223	0.222	1.0	100.0	0	0	0.127	G:A	
1168	rs404280	5510341	0.432	0.442	0.7893	100.0	0	0	0.33	C:T	
1169	rs7935144	5510396	0.133	0.137	0.8401	100.0	0	0	0.074	C:T	
1170	rs2467219	5510497	0.223	0.222	1.0	100.0	0	0	0.127	C:T	
1171	rs444878	5510626	0.223	0.222	1.0	100.0	0	0	0.127	C:T	
1172	rs7101919	5510688	0.08	0.083	0.7877	100.0	0	0	0.044	T:C	
1173	rs447591	5511199	0.227	0.224	1.0	100.0	0	0	0.129	G:A	
1174	rs4638331	5511431	0.08	0.083	0.7877	100.0	0	0	0.044	A:C	
1175	rs430252	5511701	0.432	0.442	0.7893	100.0	0	0	0.33	G:T	
1176	rs401507	5511897	0.22	0.201	0.2407	100.0	0	0	0.114	G:A	
1177	rs16931671	5511987	0.114	0.107	0.8353	100.0	0	0	0.057	C:A	
1178	rs438994	5512590	0.136	0.134	1.0	100.0	0	0	0.072	T:C	
1179	rs80014952	5512704	0.152	0.165	0.3038	100.0	0	0	0.091	G:A	
1180	rs11037778	5513775	0.174	0.171	1.0	100.0	0	0	0.095	T:C	
1181	rs447358	5514474	0.136	0.146	0.4322	100.0	0	0	0.08	A:G	
1182	rs2879747	5514892	0.174	0.165	0.6855	100.0	0	0	0.091	C:A	
1183	rs366533	5517485	0.455	0.459	0.9659	100.0	0	0	0.356	G:A	
1184	rs7101611	5517663	0.167	0.178	0.4664	100.0	0	0	0.098	T:C	
1185	rs386750179	5518911	0.155	0.162	0.674	100.0	0	0	0.089	T:C	
1186	rs435810	5518978	0.424	0.461	0.2365	100.0	0	0	0.36	C:T	
1187	rs422743	5519612	0.152	0.159	0.6223	100.0	0	0	0.087	T:G	
1188	rs114044824	5521377	0.061	0.059	1.0	100.0	0	0	0.03	C:T	
1189	rs16926557	5522468	0.061	0.066	0.518	100.0	0	0	0.034	A:G	
1190	rs317787	5525543	0.439	0.494	0.0909	100.0	0	0	0.443	C:T	
1191	rs16931951	5525640	0.072	0.083	0.1541	100.0	0	0	0.044	C:A	
1192	rs11037877	5527164	0.072	0.083	0.1541	100.0	0	0	0.044	G:T	
1193	rs11037878	5527218	0.235	0.246	0.5636	100.0	0	0	0.144	G:A	
1194	rs7925836	5527709	0.174	0.184	0.561	100.0	0	0	0.102	C:T	
1195	rs77450761	5527907	0.148	0.143	1.0	100.0	0	0	0.078	G:A	
1196	rs1060574	5528633	0.155	0.162	0.674	100.0	0	0	0.089	C:T	
1197	rs2227271	5528918	0.061	0.066	0.518	100.0	0	0	0.034	C:T	
1198	rs2234456	5529139	0.061	0.066	0.518	100.0	0	0	0.034	T:C	
1199	rs1368694	5530705	0.227	0.241	0.4666	100.0	0	0	0.14	C:T	
1200	rs116116286	5531092	0.076	0.087	0.1804	100.0	0	0	0.045	G:A	
1201	rs7941684	5532222	0.348	0.316	0.1437	100.0	0	0	0.197	T:G	
1202	rs317780	5533402	0.379	0.416	0.1788	100.0	0	0	0.295	T:G	
1203	rs3763880	5533606	0.239	0.233	0.9478	100.0	0	0	0.134	G:T	
1204	rs1163840563	5534114	0.473	0.484	0.7924	100.0	0	0	0.411	C:T	
1205	rs4910812	5535007	0.473	0.489	0.6713	100.0	0	0	0.426	G:A	
1206	rs10838245	5535529	0.352	0.357	0.9147	100.0	0	0	0.233	G:T	
1207	rs1044392	5535671	0.523	0.483	0.2448	100.0	0	0	0.409	A:G	
1208	rs78546575	5535941	0.083	0.08	1.0	100.0	0	0	0.042	C:A	
1209	rs112584972	5536191	0.057	0.062	0.467	100.0	0	0	0.032	C:A	
1210	rs10769023	5536415	0.352	0.345	0.9076	100.0	0	0	0.222	C:T	
1211	rs393044	5536537	0.163	0.168	0.7807	100.0	0	0	0.093	C:A	
1212	rs36020613	5536548	0.023	0.03	0.1047	100.0	0	0	0.015	C:T	
1213	rs80343871	5536759	0.023	0.03	0.1047	100.0	0	0	0.015	G:A	
1214	rs2017433	5536848	0.458	0.489	0.3535	100.0	0	0	0.426	G:A	
1215	rs2017434	5536852	0.439	0.416	0.4723	100.0	0	0	0.295	A:G	
1216	rs872751	5537045	0.443	0.418	0.4211	100.0	0	0	0.297	T:G	
1217	rs2047456	5537161	0.424	0.4	0.4279	100.0	0	0	0.277	A:G	
1218	rs3802978	5537245	0.182	0.171	0.5923	100.0	0	0	0.095	G:T	
1219	rs1809862	5537780	0.367	0.357	0.8115	100.0	0	0	0.233	C:A	
1220	rs10838247	5538778	0.023	0.022	1.0	100.0	0	0	0.011	C:T	
1221	rs75995026	5538944	0.023	0.03	0.1047	100.0	0	0	0.015	A:G	
1222	rs979752	5539139	0.379	0.382	0.9691	100.0	0	0	0.258	G:A	
1223	rs7131665	5539670	0.485	0.494	0.8258	100.0	0	0	0.447	T:C	
1224	rs317779	5540146	0.076	0.087	0.1804	100.0	0	0	0.045	T:C	
1225	rs12418972	5540466	0.284	0.319	0.1153	100.0	0	0	0.199	A:G	
1226	rs1391616	5541163	0.163	0.168	0.7807	100.0	0	0	0.093	T:G	
1227	rs1391615	5541179	0.458	0.466	0.8699	100.0	0	0	0.369	G:T	
1228	rs74049650	5541452	0.049	0.048	1.0	100.0	0	0	0.025	G:T	
1229	rs117765586	5543500	0.038	0.037	1.0	100.0	0	0	0.019	C:T	
1230	rs7945342	5543705	0.261	0.265	0.9543	100.0	0	0	0.157	T:C	
1231	rs138027207	5544709	0.091	0.094	0.9528	100.0	0	0	0.049	C:T	
1232	rs10160557	5546722	0.379	0.407	0.3177	100.0	0	0	0.284	T:C	
1233	rs7932885	5547530	0.212	0.213	1.0	100.0	0	0	0.121	T:G	
1234	rs114852737	5547538	0.049	0.048	1.0	100.0	0	0	0.025	G:A	
1235	rs115715541	5547687	0.015	0.015	1.0	100.0	0	0	0.008	G:A	
1236	rs4910815	5547957	0.5	0.454	0.1377	100.0	0	0	0.348	C:T	
1237	rs10838265	5548899	0.284	0.265	0.3644	100.0	0	0	0.157	A:G	
1238	rs1560811	5549531	0.508	0.485	0.5455	100.0	0	0	0.413	C:T	
1239	rs317773	5550630	0.485	0.493	0.8697	100.0	0	0	0.439	G:A	
1240	rs170310	5553614	0.352	0.341	0.7475	100.0	0	0	0.218	G:A	
1241	rs317783	5554028	0.106	0.114	0.4806	100.0	0	0	0.061	C:T	
1242	rs74701775	5554360	0.057	0.055	1.0	100.0	0	0	0.028	G:T	
1243	rs12270763	5554825	0.379	0.39	0.735	100.0	0	0	0.265	A:G	
1244	rs12276802	5554843	0.379	0.39	0.735	100.0	0	0	0.265	G:A	
1245	rs10742709	5555043	0.489	0.481	0.9314	100.0	0	0	0.403	G:A	
1246	rs17372123	5555218	0.314	0.332	0.4702	100.0	0	0	0.21	A:C	
1247	rs35601051	5555247	0.443	0.485	0.1867	100.0	0	0	0.415	C:T	
1248	rs10838277	5555551	0.386	0.481	0.002	100.0	0	0	0.402	T:C	
1249	rs396870	5555681	0.11	0.117	0.528	100.0	0	0	0.062	T:C	
1250	rs116402586	5556441	0.057	0.069	0.0734	100.0	0	0	0.036	G:T	
1251	rs10500646	5560426	0.314	0.332	0.4702	100.0	0	0	0.21	G:T	
1252	rs4910569	5565628	0.409	0.469	0.0495	100.0	0	0	0.375	G:A	
1253	rs7934354	5565906	0.284	0.29	0.8478	100.0	0	0	0.176	A:G	
1254	rs1995158	5566030	0.11	0.124	0.1853	100.0	0	0	0.066	G:A	
1255	rs1995157	5566051	0.428	0.475	0.1314	100.0	0	0	0.388	C:A	
1256	rs1995156	5566112	0.417	0.472	0.0693	100.0	0	0	0.383	C:T	
1257	rs1566275	5566365	0.125	0.137	0.3117	100.0	0	0	0.074	C:T	
1258	rs79009278	5566440	0.034	0.034	1.0	100.0	0	0	0.017	C:A	
1259	rs10769054	5566489	0.428	0.475	0.1314	100.0	0	0	0.388	C:T	
1260	rs1228906248	5566615	0.083	0.094	0.2408	100.0	0	0	0.049	C:T	
1261	rs56291963	5566620	0.034	0.034	1.0	100.0	0	0	0.017	A:G	
1262	rs115173103	5566764	0.148	0.15	1.0	100.0	0	0	0.081	C:A	
1263	rs12798586	5566789	0.212	0.224	0.4972	100.0	0	0	0.129	A:G	
1264	rs431702	5569452	0.273	0.268	0.9871	100.0	0	0	0.159	C:T	
1265	rs411933	5570043	0.39	0.47	0.0081	100.0	0	0	0.377	T:C	
1266	rs73394265	5572531	0.072	0.076	0.6779	100.0	0	0	0.04	T:C	
1267	rs401426	5572816	0.386	0.425	0.1699	100.0	0	0	0.307	C:T	
1268	rs401835	5573160	0.322	0.336	0.5746	100.0	0	0	0.214	C:G	
1269	rs62623418	5573350	0.299	0.319	0.4029	100.0	0	0	0.199	A:C	
1270	rs2570348	5573710	0.068	0.073	0.6237	100.0	0	0	0.038	G:A	
1271	rs431409	5575253	0.477	0.498	0.5661	100.0	0	0	0.466	C:T	
1272	rs12289789	5577421	0.201	0.21	0.6085	100.0	0	0	0.119	G:A	
1273	rs7107345	5577795	0.144	0.14	1.0	100.0	0	0	0.076	A:C	
1274	rs1541941	5578343	0.504	0.5	1.0	100.0	0	0	0.494	G:A	
1275	rs4910570	5578481	0.197	0.196	1.0	100.0	0	0	0.11	T:G	
1276	rs12270701	5581076	0.227	0.246	0.2941	100.0	0	0	0.144	G:T	
1277	rs115656394	5581514	0.023	0.022	1.0	100.0	0	0	0.011	A:G	
1278	rs56774399	5582498	0.121	0.127	0.6794	100.0	0	0	0.068	C:T	
1279	rs11038110	5583533	0.311	0.334	0.3175	100.0	0	0	0.212	T:G	
1280	rs17302406	5584483	0.091	0.094	0.9528	100.0	0	0	0.049	G:T	
1281	rs7936389	5584496	0.167	0.165	1.0	100.0	0	0	0.091	A:G	
1282	rs2341428	5584996	0.5	0.492	0.9065	100.0	0	0	0.436	A:G	
1283	rs11038118	5585352	0.057	0.09	1.0E-4	100.0	0	0	0.047	G:A	BAD
1284	rs16932946	5585716	0.375	0.369	0.9676	100.0	0	0	0.244	C:A	
1285	rs10838341	5585744	0.174	0.165	0.6855	100.0	0	0	0.091	A:G	
1286	rs68177612	5585897	0.337	0.345	0.8099	100.0	0	0	0.222	T:C	
1287	rs10742719	5586252	0.273	0.262	0.7314	100.0	0	0	0.155	C:A	
1288	rs10742721	5586318	0.277	0.265	0.6782	100.0	0	0	0.157	C:T	
1289	rs4604918	5587111	0.311	0.302	0.8531	100.0	0	0	0.186	A:C	
1290	rs9804698	5588174	0.22	0.201	0.2407	100.0	0	0	0.114	T:C	
1291	rs75446637	5589753	0.023	0.022	1.0	100.0	0	0	0.011	C:T	
1292	rs2341430	5589862	0.061	0.059	1.0	100.0	0	0	0.03	C:T	
1293	rs9804637	5590038	0.242	0.23	0.5846	100.0	0	0	0.133	C:T	
1294	rs183165304	5590055	0.03	0.03	1.0	100.0	0	0	0.015	A:G	
1295	rs4382942	5590525	0.424	0.459	0.2655	100.0	0	0	0.356	C:T	
1296	rs11038137	5591634	0.163	0.168	0.7807	100.0	0	0	0.093	A:G	
1297	rs11038141	5592226	0.189	0.19	1.0	100.0	0	0	0.106	C:T	
1298	rs10838356	5593345	0.216	0.199	0.2668	100.0	0	0	0.112	G:A	
1299	rs2341431	5594093	0.129	0.14	0.3495	100.0	0	0	0.076	C:A	
1300	rs57901624	5596187	0.053	0.052	1.0	100.0	0	0	0.027	A:G	
1301	rs11038164	5596616	0.189	0.19	1.0	100.0	0	0	0.106	G:A	
1302	rs10838362	5597130	0.235	0.23	1.0	100.0	0	0	0.133	C:T	
1303	rs10500652	5597633	0.223	0.222	1.0	100.0	0	0	0.127	C:T	
1304	rs7120684	5597789	0.432	0.483	0.101	100.0	0	0	0.409	C:T	
1305	rs11038171	5597948	0.223	0.254	0.0869	100.0	0	0	0.15	G:A	
1306	rs4910571	5598864	0.428	0.489	0.053	100.0	0	0	0.426	G:T	
1307	rs10838370	5599041	0.212	0.201	0.6328	100.0	0	0	0.114	G:A	
1308	rs76290320	5601229	0.288	0.293	0.9075	100.0	0	0	0.178	C:T	
1309	rs72880053	5601276	0.076	0.073	1.0	100.0	0	0	0.038	A:G	
1310	rs75399201	5601938	0.057	0.055	1.0	100.0	0	0	0.028	T:C	
1311	rs114857377	5602246	0.034	0.034	1.0	100.0	0	0	0.017	T:C	
1312	rs1077126	5602275	0.436	0.46	0.4538	100.0	0	0	0.358	G:A	
1313	rs114791744	5602527	0.042	0.041	1.0	100.0	0	0	0.021	C:T	
1314	rs2341433	5602605	0.439	0.471	0.3275	100.0	0	0	0.379	A:G	
1315	rs2341434	5602615	0.375	0.377	1.0	100.0	0	0	0.252	G:A	
1316	rs892336	5602679	0.375	0.377	1.0	100.0	0	0	0.252	C:T	
1317	rs2163946	5602790	0.375	0.377	1.0	100.0	0	0	0.252	G:A	
1318	rs74053516	5602929	0.049	0.048	1.0	100.0	0	0	0.025	C:A	
1319	rs10769086	5602968	0.057	0.055	1.0	100.0	0	0	0.028	A:G	
1320	rs10838376	5603136	0.428	0.483	0.0808	100.0	0	0	0.407	A:C	
1321	rs10769099	5607814	0.409	0.442	0.2721	100.0	0	0	0.33	A:G	
1322	rs72880072	5609344	0.292	0.295	0.9675	100.0	0	0	0.18	T:C	
1323	rs61892489	5609959	0.163	0.156	0.8364	100.0	0	0	0.085	C:T	
1324	rs115443775	5613661	0.072	0.069	1.0	100.0	0	0	0.036	C:T	
1325	rs7117257	5614275	0.212	0.224	0.4972	100.0	0	0	0.129	T:C	
1326	rs73400336	5615327	0.163	0.181	0.2058	100.0	0	0	0.1	G:T	
1327	rs1414686223	5616411	0.511	0.499	0.8071	100.0	0	0	0.479	T:C	
1328	rs184696635	5616731	0.045	0.044	1.0	100.0	0	0	0.023	C:T	
1329	rs10838406	5617896	0.277	0.28	0.9494	100.0	0	0	0.169	A:G	
1330	rs12272467	5617987	0.477	0.497	0.5909	100.0	0	0	0.458	G:A	
1331	rs7927012	5618417	0.504	0.47	0.3082	100.0	0	0	0.377	T:C	
1332	rs79773207	5618445	0.121	0.12	1.0	100.0	0	0	0.064	C:T	
1333	rs7936854	5618502	0.504	0.47	0.3082	100.0	0	0	0.377	G:A	
1334	rs74908789	5618759	0.129	0.12	0.6426	100.0	0	0	0.064	T:C	
1335	rs4255566	5618882	0.504	0.47	0.3082	100.0	0	0	0.377	C:T	
1336	rs2001778	5619008	0.504	0.47	0.3082	100.0	0	0	0.377	G:A	
1337	rs2011014	5619338	0.504	0.47	0.3082	100.0	0	0	0.377	A:C	
1338	rs56041517	5619589	0.11	0.111	1.0	100.0	0	0	0.059	A:C	
1339	rs114613632	5619748	0.053	0.052	1.0	100.0	0	0	0.027	C:T	
1340	rs756035	5619932	0.485	0.498	0.7442	100.0	0	0	0.466	T:G	
1341	rs59650010	5620285	0.133	0.13	1.0	100.0	0	0	0.07	C:T	
1342	rs181026694	5621447	0.042	0.041	1.0	100.0	0	0	0.021	G:A	
1343	rs7121553	5621463	0.47	0.471	1.0	100.0	0	0	0.379	G:A	
1344	rs7121942	5621755	0.235	0.241	0.8139	100.0	0	0	0.14	G:A	
1345	rs76627731	5621874	0.061	0.059	1.0	100.0	0	0	0.03	G:A	
1346	rs181686573	5622051	0.042	0.041	1.0	100.0	0	0	0.021	C:T	
1347	rs7125514	5622184	0.511	0.473	0.251	100.0	0	0	0.384	C:A	
1348	rs6578665	5622301	0.333	0.343	0.7485	100.0	0	0	0.22	C:T	
1349	rs4910823	5622664	0.284	0.3	0.4839	100.0	0	0	0.184	A:G	
1350	rs58676908	5623278	0.352	0.341	0.7475	100.0	0	0	0.218	T:C	
1351	rs72880092	5623295	0.068	0.066	1.0	100.0	0	0	0.034	T:C	
1352	rs10769112	5623399	0.367	0.453	0.0032	100.0	0	0	0.347	A:G	
1353	rs11038294	5623665	0.333	0.39	0.0284	100.0	0	0	0.265	C:T	
1354	rs73400343	5623690	0.337	0.357	0.4309	100.0	0	0	0.233	A:G	
1355	rs115525594	5623815	0.049	0.048	1.0	100.0	0	0	0.025	G:A	
1356	rs74050994	5624267	0.193	0.199	0.8254	100.0	0	0	0.112	A:G	
1357	rs7108470	5625603	0.519	0.499	0.6235	100.0	0	0	0.479	G:A	
1358	rs10769118	5625713	0.163	0.168	0.7807	100.0	0	0	0.093	C:A	
1359	rs3751005	5625784	0.152	0.153	1.0	100.0	0	0	0.083	A:G	
1360	rs57856328	5625800	0.352	0.341	0.7475	100.0	0	0	0.218	G:A	
1361	rs1210966172	5625847	0.439	0.422	0.6373	100.0	0	0	0.303	G:A	
1362	rs17304278	5625988	0.265	0.268	1.0	100.0	0	0	0.159	T:C	
1363	rs1074353	5626241	0.466	0.446	0.5721	100.0	0	0	0.335	A:G	
1364	rs1074354	5626314	0.152	0.14	0.4044	100.0	0	0	0.076	C:T	
1365	rs1989427	5626364	0.205	0.213	0.6606	100.0	0	0	0.121	C:T	
1366	rs11038307	5626500	0.027	0.026	1.0	100.0	0	0	0.013	C:T	
1367	rs73400351	5626855	0.163	0.175	0.4222	100.0	0	0	0.097	C:T	
1368	rs3763881	5626899	0.481	0.5	0.6083	100.0	0	0	0.487	A:G	
1369	rs10500653	5627407	0.258	0.262	0.8957	100.0	0	0	0.155	T:C	
1370	rs720677	5627557	0.208	0.222	0.451	100.0	0	0	0.127	T:G	
1371	rs1368693	5627674	0.439	0.437	1.0	100.0	0	0	0.322	G:A	
1372	rs74050999	5627996	0.208	0.222	0.451	100.0	0	0	0.127	A:G	
1373	rs7104061	5628072	0.402	0.407	0.9213	100.0	0	0	0.284	G:A	
1374	rs4910825	5628157	0.515	0.499	0.717	100.0	0	0	0.481	G:A	
1375	rs12278274	5628495	0.375	0.377	1.0	100.0	0	0	0.252	T:G	
1376	rs10838424	5628712	0.212	0.207	1.0	100.0	0	0	0.117	A:G	
1377	rs10734530	5629050	0.292	0.285	0.932	100.0	0	0	0.172	C:T	
1378	rs11038328	5629176	0.057	0.062	0.467	100.0	0	0	0.032	A:G	
1379	rs10734531	5629205	0.155	0.15	0.9424	100.0	0	0	0.081	A:G	
1380	rs11822879	5629314	0.383	0.391	0.7998	100.0	0	0	0.267	A:C	
1381	rs10769121	5629607	0.485	0.489	0.9777	100.0	0	0	0.424	A:G	
1382	rs12271988	5629747	0.129	0.134	0.7859	100.0	0	0	0.072	C:T	
1383	rs61890858	5630188	0.212	0.213	1.0	100.0	0	0	0.121	T:C	
1384	rs56108003	5630389	0.458	0.477	0.5966	100.0	0	0	0.392	T:C	
1385	rs4910827	5630412	0.398	0.435	0.1974	100.0	0	0	0.32	A:G	
1386	rs4910828	5630635	0.402	0.407	0.9213	100.0	0	0	0.284	C:T	
1387	rs11038336	5630865	0.049	0.048	1.0	100.0	0	0	0.025	A:G	
1388	rs3740999	5631479	0.318	0.321	0.9996	100.0	0	0	0.201	A:C	
1389	rs7125403	5631622	0.496	0.499	0.9979	100.0	0	0	0.479	T:G	
1390	rs75669793	5631689	0.061	0.059	1.0	100.0	0	0	0.03	A:G	
1391	rs74051012	5632075	0.023	0.022	1.0	100.0	0	0	0.011	A:G	
1392	rs10769124	5632212	0.481	0.487	0.9243	100.0	0	0	0.419	A:G	
1393	rs7120093	5633600	0.25	0.262	0.5554	100.0	0	0	0.155	A:G	
1394	rs7120209	5633689	0.25	0.262	0.5554	100.0	0	0	0.155	A:G	
1395	rs7104648	5633747	0.25	0.262	0.5554	100.0	0	0	0.155	C:T	
1396	rs80142195	5633832	0.053	0.059	0.4176	100.0	0	0	0.03	G:A	
1397	rs10838432	5634255	0.25	0.262	0.5554	100.0	0	0	0.155	C:T	
1398	rs4910573	5636039	0.284	0.275	0.8136	100.0	0	0	0.165	G:A	
1399	rs111861109	5638693	0.045	0.044	1.0	100.0	0	0	0.023	T:C	
1400	rs68079420	5639011	0.212	0.219	0.7691	100.0	0	0	0.125	C:T	
1401	rs12224326	5639267	0.462	0.5	0.2547	100.0	0	0	0.496	G:A	
1402	rs10400271	5639873	0.481	0.46	0.5549	100.0	0	0	0.358	A:G	
1403	rs71490141	5639959	0.348	0.351	0.9994	100.0	0	0	0.227	C:T	
1404	rs7109361	5640497	0.303	0.288	0.5491	100.0	0	0	0.174	C:T	
1405	rs35228037	5641917	0.504	0.478	0.4801	100.0	0	0	0.396	G:A	
1406	rs7939159	5642001	0.447	0.434	0.7551	100.0	0	0	0.318	T:C	
1407	rs78745637	5642215	0.042	0.041	1.0	100.0	0	0	0.021	T:C	
1408	rs75450536	5642324	0.261	0.27	0.7165	100.0	0	0	0.161	T:C	
1409	rs75126505	5645203	0.095	0.09	1.0	100.0	0	0	0.047	C:T	
1410	rs6578667	5645659	0.322	0.332	0.7199	100.0	0	0	0.21	C:T	
1411	rs6578668	5646904	0.496	0.491	0.9932	100.0	0	0	0.434	T:C	
1412	rs12274893	5647033	0.292	0.29	1.0	100.0	0	0	0.176	C:T	
1413	rs7119257	5647166	0.322	0.305	0.499	100.0	0	0	0.188	A:G	
1414	rs74761542	5648706	0.083	0.08	1.0	100.0	0	0	0.042	G:A	
1415	rs115750928	5649444	0.076	0.08	0.7326	100.0	0	0	0.042	C:T	
1416	rs74495836	5650183	0.273	0.288	0.4933	100.0	0	0	0.174	G:A	
1417	rs12226152	5652341	0.25	0.257	0.7802	100.0	0	0	0.152	G:A	
1418	rs904376	5652608	0.33	0.336	0.8415	100.0	0	0	0.214	T:G	
1419	rs7947616	5653963	0.019	0.019	1.0	100.0	0	0	0.009	G:A	
1420	rs114234842	5654026	0.053	0.052	1.0	100.0	0	0	0.027	T:C	
1421	rs75160279	5654536	0.117	0.13	0.2435	100.0	0	0	0.07	G:A	
1422	rs79096664	5654632	0.144	0.159	0.2374	100.0	0	0	0.087	A:G	
1423	rs77850368	5654744	0.11	0.124	0.1853	100.0	0	0	0.066	T:C	
1424	rs3824951	5655233	0.473	0.488	0.6986	100.0	0	0	0.422	G:A	
1425	rs76666744	5655493	0.208	0.21	1.0	100.0	0	0	0.119	A:G	
1426	rs79857268	5656250	0.114	0.107	0.8353	100.0	0	0	0.057	T:C	
1427	rs77392368	5656323	0.295	0.316	0.3593	100.0	0	0	0.197	A:G	
1428	rs7103069	5658437	0.288	0.312	0.2814	100.0	0	0	0.193	T:C	
1429	rs7114840	5658566	0.458	0.483	0.467	100.0	0	0	0.407	C:T	
1430	rs10838474	5659341	0.462	0.491	0.3938	100.0	0	0	0.432	A:G	
1431	rs11038476	5659680	0.47	0.494	0.4889	100.0	0	0	0.443	C:T	
1432	rs10838475	5660023	0.371	0.375	0.9643	100.0	0	0	0.25	T:C	
1433	rs142491967	5660512	0.072	0.083	0.1541	100.0	0	0	0.044	A:G	
1434	rs2342380	5660633	0.462	0.491	0.3938	100.0	0	0	0.432	A:G	
1435	rs7103172	5661021	0.47	0.494	0.4889	100.0	0	0	0.443	G:T	
1436	rs7944669	5661046	0.424	0.456	0.2982	100.0	0	0	0.352	T:G	
1437	rs8181493	5661508	0.371	0.375	0.9643	100.0	0	0	0.25	C:T	
1438	rs7108834	5662319	0.235	0.23	1.0	100.0	0	0	0.133	T:C	
1439	rs12792498	5663575	0.443	0.478	0.2731	100.0	0	0	0.396	T:C	
1440	rs16933844	5664684	0.295	0.293	1.0	100.0	0	0	0.178	T:G	
1441	rs3740998	5664831	0.337	0.336	1.0	100.0	0	0	0.214	C:A	
1442	rs7109861	5664974	0.428	0.424	1.0	100.0	0	0	0.305	C:T	
1443	rs7106798	5665225	0.42	0.421	1.0	100.0	0	0	0.301	G:A	
1444	rs16933888	5667538	0.254	0.265	0.6073	100.0	0	0	0.157	T:C	
1445	rs61339558	5667620	0.273	0.278	0.8901	100.0	0	0	0.167	T:C	
1446	rs11038521	5667890	0.42	0.441	0.5236	100.0	0	0	0.328	C:T	
1447	rs4910831	5668171	0.386	0.413	0.3474	100.0	0	0	0.292	C:A	
1448	rs79103907	5669066	0.042	0.041	1.0	100.0	0	0	0.021	T:C	
1449	rs4910832	5669228	0.36	0.381	0.4457	100.0	0	0	0.256	C:T	
1450	rs11038541	5670332	0.019	0.019	1.0	100.0	0	0	0.009	T:C	
1451	rs193153974	5670483	0.042	0.041	1.0	100.0	0	0	0.021	A:G	
1452	rs12796953	5670610	0.333	0.371	0.1311	100.0	0	0	0.246	A:G	
1453	rs12804377	5670671	0.333	0.371	0.1311	100.0	0	0	0.246	C:T	
1454	rs11038546	5671623	0.33	0.369	0.1105	100.0	0	0	0.244	C:A	
1455	rs7939149	5672044	0.087	0.09	0.898	100.0	0	0	0.047	T:C	
1456	rs114656502	5672095	0.038	0.037	1.0	100.0	0	0	0.019	T:C	
1457	rs12802477	5674707	0.223	0.227	0.9383	100.0	0	0	0.131	G:A	
1458	rs11038564	5675017	0.019	0.019	1.0	100.0	0	0	0.009	G:A	
1459	rs78271400	5675523	0.042	0.041	1.0	100.0	0	0	0.021	C:T	
1460	rs116764147	5675812	0.042	0.041	1.0	100.0	0	0	0.021	A:G	
1461	rs16933926	5675943	0.341	0.351	0.7266	100.0	0	0	0.227	T:C	
1462	rs16933930	5675972	0.152	0.146	0.9964	100.0	0	0	0.08	G:A	
1463	rs114595558	5676569	0.038	0.037	1.0	100.0	0	0	0.019	A:G	
1464	rs7114143	5679385	0.235	0.23	1.0	100.0	0	0	0.133	A:G	
1465	rs114527762	5681158	0.038	0.037	1.0	100.0	0	0	0.019	T:C	
1466	rs12787432	5681525	0.246	0.238	0.8357	100.0	0	0	0.138	A:G	
1467	rs115992157	5681662	0.038	0.037	1.0	100.0	0	0	0.019	A:G	
1468	rs114490314	5681790	0.201	0.204	0.9372	100.0	0	0	0.116	T:C	
1469	rs111933008	5681995	0.091	0.1	0.3114	100.0	0	0	0.053	G:A	
1470	rs74380040	5682534	0.261	0.265	0.9543	100.0	0	0	0.157	C:T	
1471	rs7122620	5683567	0.496	0.499	1.0	100.0	0	0	0.475	G:A	
1472	rs61245339	5683722	0.292	0.3	0.7648	100.0	0	0	0.184	T:C	
1473	rs58945302	5683745	0.102	0.097	0.9929	100.0	0	0	0.051	T:C	
1474	rs59814799	5683880	0.186	0.193	0.716	100.0	0	0	0.108	A:C	
1475	rs77628708	5684072	0.33	0.353	0.3404	100.0	0	0	0.229	T:C	
1476	rs1566282	5684775	0.208	0.21	1.0	100.0	0	0	0.119	G:A	
1477	rs61303135	5685837	0.049	0.048	1.0	100.0	0	0	0.025	T:C	
1478	rs7104422	5686085	0.061	0.059	1.0	100.0	0	0	0.03	G:A	
1479	rs60053655	5686707	0.034	0.034	1.0	100.0	0	0	0.017	G:A	
1480	rs11820502	5688024	0.178	0.181	1.0	100.0	0	0	0.1	C:G	
1481	rs11038628	5688940	0.424	0.452	0.3754	100.0	0	0	0.345	C:T	
1482	rs12808061	5689975	0.447	0.454	0.8775	100.0	0	0	0.348	C:A	
1483	rs12271333	5690691	0.341	0.351	0.7266	100.0	0	0	0.227	A:C	
1484	rs12272771	5690741	0.341	0.351	0.7266	100.0	0	0	0.227	T:C	
1485	rs73402229	5691738	0.182	0.178	1.0	100.0	0	0	0.098	A:G	
1486	rs904375	5691980	0.489	0.453	0.2641	100.0	0	0	0.347	T:C	
1487	rs2342384	5692013	0.489	0.453	0.2641	100.0	0	0	0.347	A:C	
1488	rs58200149	5692144	0.424	0.456	0.2982	100.0	0	0	0.352	G:A	
1489	rs2880344	5692589	0.121	0.12	1.0	100.0	0	0	0.064	T:C	
1490	rs2342390	5693181	0.432	0.407	0.4141	100.0	0	0	0.284	A:G	
1491	rs7929587	5695331	0.432	0.407	0.4141	100.0	0	0	0.284	G:A	
1492	rs10838517	5695743	0.405	0.388	0.5952	100.0	0	0	0.263	C:T	
1493	rs10742766	5696104	0.178	0.187	0.6112	100.0	0	0	0.104	G:T	
1494	rs116744384	5699424	0.027	0.026	1.0	100.0	0	0	0.013	C:T	
1495	rs58187248	5699491	0.152	0.159	0.6223	100.0	0	0	0.087	T:C	
1496	rs3740995	5700340	0.405	0.388	0.5952	100.0	0	0	0.263	C:T	
1497	rs10769175	5700649	0.462	0.463	1.0	100.0	0	0	0.364	A:G	
1498	rs10838525	5701001	0.167	0.171	0.8353	100.0	0	0	0.095	C:T	
1499	rs3740996	5701281	0.076	0.073	1.0	100.0	0	0	0.038	G:A	
1500	rs59896509	5701317	0.049	0.048	1.0	100.0	0	0	0.025	C:T	
1501	rs7124435	5701819	0.295	0.293	1.0	100.0	0	0	0.178	A:G	
1502	rs17305868	5701883	0.466	0.492	0.4388	100.0	0	0	0.438	A:G	
1503	rs59386016	5701886	0.242	0.283	0.0397	100.0	0	0	0.17	T:G	
1504	rs4992799	5702390	0.443	0.457	0.6839	100.0	0	0	0.354	A:G	
1505	rs2880575	5702442	0.25	0.278	0.1577	100.0	0	0	0.167	G:A	
1506	rs4992800	5702462	0.352	0.384	0.2218	100.0	0	0	0.259	C:A	
1507	rs12287154	5703768	0.402	0.425	0.4232	100.0	0	0	0.307	T:C	
1508	rs12285766	5703774	0.439	0.493	0.0961	100.0	0	0	0.439	G:A	
1509	rs937446	5705490	0.269	0.3	0.1384	100.0	0	0	0.184	G:A	
1510	rs16934386	5706283	0.144	0.171	0.0365	100.0	0	0	0.095	A:G	
1511	rs3802980	5706311	0.447	0.482	0.277	100.0	0	0	0.405	G:A	
1512	rs16934390	5706728	0.114	0.114	1.0	100.0	0	0	0.061	T:C	
1513	rs1498553	5709028	0.466	0.499	0.3274	100.0	0	0	0.475	T:C	
1514	rs885002	5710183	0.246	0.254	0.7239	100.0	0	0	0.15	G:A	
1515	rs72484712	5710328	0.186	0.187	1.0	100.0	0	0	0.104	G:T	
1516	rs77147698	5711066	0.114	0.114	1.0	100.0	0	0	0.061	A:G	
1517	rs7129909	5711177	0.367	0.357	0.8115	100.0	0	0	0.233	A:G	
1518	rs1498555	5712997	0.439	0.474	0.2741	100.0	0	0	0.386	T:G	
1519	rs7112085	5713658	0.383	0.361	0.4559	100.0	0	0	0.237	T:C	
1520	rs12294511	5713817	0.417	0.428	0.7388	100.0	0	0	0.311	A:C	
1521	rs58108947	5715718	0.174	0.165	0.6855	100.0	0	0	0.091	A:G	
1522	rs16934565	5716100	0.174	0.165	0.6855	100.0	0	0	0.091	T:C	
1523	rs17397821	5716331	0.367	0.353	0.6664	100.0	0	0	0.229	G:A	
1524	rs4910837	5717063	0.428	0.46	0.3097	100.0	0	0	0.358	G:A	
1525	rs10838543	5717762	0.428	0.46	0.3097	100.0	0	0	0.358	T:C	
1526	rs11038746	5718151	0.466	0.495	0.3925	100.0	0	0	0.449	A:G	
1527	rs7935564	5718517	0.455	0.494	0.2336	100.0	0	0	0.443	G:A	
1528	rs10838549	5719228	0.515	0.472	0.1895	100.0	0	0	0.383	C:A	
1529	rs10769180	5719251	0.413	0.412	1.0	100.0	0	0	0.29	C:T	
1530	rs78484876	5719649	0.106	0.114	0.4806	100.0	0	0	0.061	T:C	
1531	rs2291842	5719667	0.443	0.457	0.6839	100.0	0	0	0.354	T:C	
1532	rs1063303	5719750	0.451	0.468	0.6216	100.0	0	0	0.373	G:C	
1533	rs11038753	5719788	0.383	0.408	0.3625	100.0	0	0	0.286	A:G	
1534	rs2291844	5719835	0.125	0.124	1.0	100.0	0	0	0.066	T:C	
1535	rs7950912	5719848	0.061	0.059	1.0	100.0	0	0	0.03	T:C	
1536	rs11038759	5721286	0.553	0.487	0.0413	100.0	0	0	0.42	C:T	
1537	rs386750204	5721718	0.451	0.402	0.0676	100.0	0	0	0.278	T:C	
1538	rs4525262	5722444	0.489	0.453	0.2641	100.0	0	0	0.347	C:A	
1539	rs4290258	5722948	0.239	0.244	0.871	100.0	0	0	0.142	G:A	
1540	rs75338262	5723190	0.265	0.273	0.7734	100.0	0	0	0.163	C:T	
1541	rs36092957	5726216	0.318	0.325	0.8223	100.0	0	0	0.205	T:C	
1542	rs7946891	5726811	0.39	0.427	0.2003	100.0	0	0	0.309	G:T	
1543	rs10769188	5727167	0.318	0.288	0.1268	100.0	0	0	0.174	A:C	
1544	rs34818142	5727429	0.102	0.097	0.9929	100.0	0	0	0.051	T:C	
1545	rs73404240	5729813	0.125	0.13	0.7323	100.0	0	0	0.07	C:A	
1546	rs61735276	5730294	0.045	0.052	0.3243	100.0	0	0	0.027	C:T	
1547	rs73404244	5731222	0.121	0.127	0.6794	100.0	0	0	0.068	A:G	
1548	rs112033537	5731289	0.121	0.127	0.6794	100.0	0	0	0.068	T:G	
1549	rs73404246	5731516	0.121	0.127	0.6794	100.0	0	0	0.068	A:G	
1550	rs12419535	5731749	0.258	0.262	0.8957	100.0	0	0	0.155	T:C	
1551	rs12417849	5732027	0.261	0.275	0.5162	100.0	0	0	0.165	C:T	
1552	rs34624600	5733134	0.083	0.08	1.0	100.0	0	0	0.042	A:G	
1553	rs140283692	5733465	0.08	0.083	0.7877	100.0	0	0	0.044	G:A	
1554	rs4910841	5733594	0.462	0.483	0.5337	100.0	0	0	0.409	G:A	
1555	rs11038813	5734494	0.22	0.236	0.379	100.0	0	0	0.136	C:T	
1556	rs73404271	5739483	0.261	0.265	0.9543	100.0	0	0	0.157	C:T	
1557	rs11038833	5739512	0.163	0.156	0.8364	100.0	0	0	0.085	T:C	
1558	rs12285602	5740634	0.432	0.465	0.2919	100.0	0	0	0.367	G:A	
1559	rs12287413	5741594	0.227	0.236	0.7023	100.0	0	0	0.136	G:A	
1560	rs12287535	5741845	0.485	0.5	0.6916	100.0	0	0	0.492	A:G	
1561	rs4243963	5744372	0.311	0.316	0.8767	100.0	0	0	0.197	T:C	
1562	rs2047458	5745637	0.186	0.199	0.4188	100.0	0	0	0.112	T:G	
1563	rs116794471	5746940	0.053	0.052	1.0	100.0	0	0	0.027	A:G	
1564	rs11604371	5747303	0.458	0.49	0.3361	100.0	0	0	0.43	C:T	
1565	rs75947655	5747384	0.144	0.171	0.0365	100.0	0	0	0.095	G:A	
1566	rs7944807	5748354	0.492	0.495	1.0	100.0	0	0	0.451	T:C	
1567	rs2342382	5748837	0.239	0.285	0.018	100.0	0	0	0.172	T:C	
1568	rs12224433	5748988	0.136	0.134	1.0	100.0	0	0	0.072	A:G	
1569	rs7930210	5749836	0.25	0.278	0.1577	100.0	0	0	0.167	G:T	
1570	rs7935270	5751135	0.462	0.494	0.3464	100.0	0	0	0.443	T:C	
1571	rs2030097	5752306	0.242	0.288	0.0225	100.0	0	0	0.174	C:T	
1572	rs11038882	5752761	0.303	0.288	0.5491	100.0	0	0	0.174	T:C	
1573	rs7951137	5754928	0.333	0.339	0.9038	100.0	0	0	0.216	C:T	
1574	rs79259587	5755236	0.11	0.104	0.8868	100.0	0	0	0.055	T:C	
1575	rs11038888	5755682	0.197	0.213	0.3269	100.0	0	0	0.121	T:C	
1576	rs970725	5757560	0.299	0.285	0.5984	100.0	0	0	0.172	A:G	
1577	rs74051091	5758002	0.034	0.034	1.0	100.0	0	0	0.017	A:G	
1578	rs7396766	5758118	0.405	0.427	0.4776	100.0	0	0	0.309	C:A	
1579	rs62617826	5758270	0.163	0.175	0.4222	100.0	0	0	0.097	G:A	
1580	rs114002556	5758408	0.027	0.026	1.0	100.0	0	0	0.013	G:A	
1581	rs4486660	5758646	0.072	0.076	0.6779	100.0	0	0	0.04	T:C	
1582	rs7928052	5758833	0.394	0.442	0.099	100.0	0	0	0.33	T:C	
1583	rs78900468	5759097	0.117	0.117	1.0	100.0	0	0	0.062	C:A	
1584	rs12805134	5759154	0.345	0.381	0.163	100.0	0	0	0.256	A:C	
1585	rs73406110	5759226	0.049	0.048	1.0	100.0	0	0	0.025	A:C	
1586	rs74051094	5759613	0.273	0.278	0.8901	100.0	0	0	0.167	C:T	
1587	rs868380	5762424	0.072	0.076	0.6779	100.0	0	0	0.04	A:G	
1588	rs4271411	5762505	0.345	0.332	0.7005	100.0	0	0	0.21	C:T	
1589	rs1498549	5762954	0.341	0.371	0.2348	100.0	0	0	0.246	T:C	
1590	rs11530160	5765578	0.133	0.143	0.3897	100.0	0	0	0.078	C:A	
1591	rs10838604	5767664	0.379	0.437	0.0423	100.0	0	0	0.322	A:G	
1592	rs79378873	5769349	0.068	0.073	0.6237	100.0	0	0	0.038	T:G	
1593	rs7479906	5770760	0.231	0.249	0.3311	100.0	0	0	0.146	C:T	
1594	rs2343231	5770840	0.447	0.499	0.109	100.0	0	0	0.477	T:C	
1595	rs2880579	5770950	0.383	0.438	0.053	100.0	0	0	0.324	G:A	
1596	rs11038925	5772304	0.379	0.416	0.1788	100.0	0	0	0.295	T:C	
1597	rs73406165	5773584	0.258	0.246	0.6753	100.0	0	0	0.144	C:T	
1598	rs1273555232	5773981	0.17	0.187	0.2666	100.0	0	0	0.104	A:G	
1599	rs7936512	5776287	0.17	0.187	0.2666	100.0	0	0	0.104	T:C	
1600	rs7394584	5776470	0.364	0.325	0.0804	100.0	0	0	0.205	G:T	
1601	rs12363178	5776595	0.352	0.349	1.0	100.0	0	0	0.225	T:G	
1602	rs10742783	5777053	0.352	0.319	0.1251	100.0	0	0	0.199	G:A	
1603	rs12363545	5777096	0.345	0.345	1.0	100.0	0	0	0.222	T:C	
1604	rs7395852	5777210	0.519	0.489	0.4034	100.0	0	0	0.426	A:G	
1605	rs77976612	5778244	0.023	0.022	1.0	100.0	0	0	0.011	C:T	
1606	rs1032646	5781776	0.061	0.059	1.0	100.0	0	0	0.03	C:T	
1607	rs2047463	5784029	0.095	0.09	1.0	100.0	0	0	0.047	G:A	
